0.049969805890200954
-6.291728042146303
-1.5015632566094776
1.040248877123118
-0.3011420078413361
0.19158628358368576
-0.6252318396930016
0.8168260067892399
1.6777597789859215
-0.172736770345738
1.6723425281620474
0.7212236383953857
-1.2207156877360854
-0.5272550434078792
4.670791742616658
0.3636391919856902
-1.4785464958497723
1.0062682248660169
-0.614188883940069
-0.22481620608812208
-3.10745303109196
-1.0160694902622178
0.6660295272392074
-0.6271565954256832
4.38999976652502
2.077503206436767
-3.6109350229068014
-0.22191038967836502
-38.13237540886987
-4.805863756500092
-0.4043554673452798
2.2446639706597136
-1.173380266872708
3.681592610348324
-1.2613715634347236
-0.17837434308078315
-1.613567442248986
-35.41089089816719
-2.1380879136028135
-1.130941507221649
-0.7532028698271044
-0.9865275381873583
-1.5446460227849983
2.5612128492812265
-11.839319610327722
-1.580396311616562
13.734002886429934
-0.9373588535419702
-0.11538267617693834
0.2687855424336292
-0.36058137171148236
-1.2831207261741577
-2.12688144246347
-1.9738109930120327
0.28425832992399086
-2.0144551800391985
-0.21136555042054894
-13.342780192809743
0.9108047836774673
-34.40787809024536
-1.2133598399165402
-0.11739280324978427
2.1370184284679663
-1.1224612244509065
-0.0931857620994814
-1.479541936528884
0.7393510225020238
-0.06652635296164183
0.5777127983919998
-0.5984641505257994
2.290968389522572
-2.3802280989618194
-0.5095355380006813
-1.121110885511858
1.4680779903001635
-0.306179511678792
-1.1177380891597417
-0.7003235126254053
1.3029461894512333
-0.9638106974313299
0.2226393088880263
1.0074264786148885
1.1179782953564108
-3.0145126119537693
8.237255915887426
0.7430051770886009
-1.009505498751456
-1.8195336956736483
10.226932658465847
-1.2936641435949665
-0.6944169832093605
1.063364618698235
-1.0431226227927257
0.07855958469603376
-31.106646045338927
-1.1449193469148542
0.12284537076005467
-8.049349474977475
-1.3870280900725172
1.0080751074251788
-1.8081190937919345
0.5041163124695051
0.9941534864334354
1.026943113499208
-0.9965315209632355
2.694063354943462
2.768997890015371
-0.06362467134570511
1.8556140369909233
21.045024962822932
-0.9320615229533685
4.3158990386870135
-1.2670170529878044
0.8033262709631246
1.425210770719647
1.4380282555556434
1.605856476329589
0.15491314846198112
-2.2164777146596704
7.779700210856324
-0.8189757266048019
0.7381024686367177
0.8715621668522908
-1.0350397363837278
-0.6332996384829395
0.937503647457485
-1.258180283354395
-0.6888131827967041
-2.026955926237302
0.9788193580286688
3.570456727671247
0.6896635270858064
0.3967889787876451
-0.7952272359892159
1.1772297797099913
1.789065565486834
1.21771750273127
-0.7295700055066504
-2.0175764075659206
-0.15770773401545296
2.917669465322294
1.0210444631588882
-27.027689433276812
0.9509853277241781
-11.411704426017042
1.6334731957027186
1.4329794095867414
-1.1664751934940825
17.40679157068566
2.600128262626183
3.349637223893938
1.7877915528779647
0.5990392255752827
0.5299367699212255
5.785036740413263
-0.8071408499250131
-0.49842083400685294
0.7013590265048955
-2.540274641713754
-2.060625262195656
-2.123831811894703
13.70571748475751
-0.06872041610181111
-0.7561196914655797
-1.2349417031599599
0.8933165294010229
-1.790791161183772
-0.022438530468818878
-0.3073049595124616
0.4559436383852564
0.34073336753307887
2.478031485744153
1.113927910356724
0.13452563500353995
-0.4275030074693072
-0.6395576448369671
1.4393607081621038
-2.4392960973867246
0.4099344898087041
1.2154985530958962
-0.8038346213712165
0.8556183214876062
0.18329359369730247
-1.4635858877745342
-1.1698597319572637
0.9154280778497816
2.2677158684340117
-0.6845194063501395
-7.523329032559131
-0.21330311263358495
-3.3901661487968107
-0.003663145106663708
-0.30618454763766995
1.71303815857902
0.28922698714098377
-5.505806786404432
0.20089525984827775
-1.2237811153851343
0.5697514136496257
-0.06723500078954199
-2.4834110547678425
0.3596419722924081
-0.455699556360462
1.2212781877170922
-1.7254210127232554
0.8204783005820786
-1.6765214685223537
1.1547714412185082
8.58970645393841
3.05890219970806
1.0574521300326905
-0.37250949676502243
-0.6804838889925124
3.379932780952999
-1.018493492832381
0.6476444456765723
2.2387000809788016
0.6633814252416311
-0.02107505384026679
0.709466949453808
-3.7351129917009045
1.2836687461021554
0.8596241549459886
0.1957978567121547
0.5591928588087042
-0.9683094139816171
0.04197858552753874
-0.0010921930697770398
0.8186329597674754
-1.0504748373901567
-1.3548911741309217
0.949374468088171
-1.0167207402456722
-0.8222539800946611
0.595519215051545
-0.76948359358223
-4.109256951204579
-0.6993213701716758
-0.7524760793554014
0.44117603301764946
-0.017626411569512553
0.711075907097836
0.7669666332071322
-0.7047364406970764
-0.1017460211983568
-3.681433213452595
-2.593664570029617
-3.994057588749734
0.4026856098925446
-1.6835312656351211
0.45360670867914504
-0.9617752231633335
1.2705461474462607
1.4917439529177536
-0.3894704006086623
0.36879896846814986
-2.0226930465045396
-0.392309499839085
6.40265933886119
-1.9577245814464603
0.5395668000359319
-1.4606468876472405
-7.43351362667637
0.23183263500865964
-0.9290509276056049
0.027172456636782128
-0.9365120165136093
-0.9347555371514178
-2.296209333373885
1.364709215828373
3.3306729723519943
2.8167006610747825
0.5629339812082491
1.6132758627825237
2.3683193726183327
0.8124913842548581
1.599742642281635
-7.47895984055036
4.906415796055318
0.6143980829634148
-0.12066516057901076
-0.8654172833550461
-0.920736788862959
0.13059664147169958
-1.7849520819527787
-0.3004663578042177
-1.6326111602440179
-3.9791713593931877
-0.8395832379040196
1.032411162242241
7.794717539086963
0.42649624681047876
-0.1923381264693193
0.2514691062212898
0.36108023669694717
0.8644572201695018
-2.5387050698661096
45.82077242856819
-0.7902613975876318
-0.6334263550847906
0.47469505160651215
-0.22353692502723738
-2.207908918946404
0.8809029538687405
-1.74386778395905
0.6458745641385433
2.798536138922394
0.6740308954953255
-3.8689068541222964
-0.7552672149889618
-2.1959584021481007
1.2311664824024913
-12.918069845276204
0.6939102759882633
0.6957275038377628
9.964805415813421
-2.6850005344305137
-0.6418838240339774
0.160786467860878
-0.4208185120619456
0.38327312499585603
0.20337196256653062
1.0321370197548083
1.7924889890770064
0.28943002178095484
0.27445877263176227
-1.3355204422278482
-1.4990517664326255
1.7449582597518567
1.9150662596947774
0.5970835437490875
0.5999643319197002
0.8201504937477635
-0.8300147992292575
6.379474602191204
-8.923741308998084
0.7363139729388338
-0.7297204776465694
0.737552128286014
1.6539156956722278
0.9880749713202868
0.5822035320030059
1.012687180246506
-0.25843503001089957
0.1698048275376514
2.347824551804386
0.9954302279449516
-6.387383547766572
0.6861793243664228
0.04514835420866146
-8.59500110364076
-1.8212681172463228
-4.4693976506
0.10466582490136495
2.251149455223126
0.9986867231399542
-1.9379340955073479
-1.7912789703750167
-1.0759618213904067
-2.194200906688935
-0.2585335875441902
-0.9545622849396589
0.9732438576291215
-1.568305174043942
4.010326601309791
0.13527022132309033
1.65744570067083
-0.3366121108025357
-0.2754454450063511
1.0324012446999118
0.5750487715144894
14.604562199168804
14.532314288903468
-1.4416124214404549
0.06159168905097076
-0.3017979147568223
0.5300249071479552
-0.12411244718324445
0.23221397243302228
0.667123719899245
-0.25721225886752125
-10.174819370156222
-0.5943639213341748
-1.1335350560758666
0.9649459533452373
-2.9373840227481725
5.436399501375353
1.1361669287284664
0.39779689410242947
-0.7257896087202887
-0.33074684809667304
-0.8153013289870417
-10.839704755788752
2.105507250866497
0.5260373669681372
-0.7247231898219183
1.0102075525212018
1.285039626334492
-0.8153690593044486
-1.1925028750312388
0.10002837681274572
-0.8934917318721797
-0.6438784420006946
0.6343464049758835
-0.37840047758945006
2.4839114708602508
-0.36471436035227484
1.0133880773957245
-3.227614599840258
5.488063862726207
1.812985814652148
-1.4664897640904377
-2.2538095106265574
-14.097658806851193
0.5130685894381387
1.3235493490400416
-0.009545113486137888
-1.367524162061882
0.981810156984014
1.964316996006156
-0.9578504069352196
-0.40090838053999533
-2.99497711945612
-1.5770814765228642
0.5106050937816302
-26.19947012064931
1.8677784035329796
-2.0828124382916373
-0.05939065929118638
-0.9903975076166947
0.05469318148716837
0.6006170153751293
-0.6819617594544943
110.17970184196015
2.3587230161542285
1.2517369667525782
-0.8477235695446562
1.80295451391525
-0.9661793501807462
0.898313610947874
0.5813514160574852
1.2340179548484946
-2.0178214760633213
-0.957415850157188
-4.190851080164469
-1.4649313216523203
-3.688173735183916
-1.3420701657423126
1.1559143287357807
3.1616600514726945
-0.6098746566532461
-0.299736772179451
-0.7532620781538223
10.674781818784478
6.6398789149300805
0.11484573317295799
-0.5809196069892546
0.2937760115036306
-0.8017818787281485
0.5650296983422398
0.37265865677051146
2.5387284611107552
-0.14406990254348387
-1.5354864389109546
1.0863560185686802
-1.613536479031034
0.05950713177059479
-1.2500211167355286
-21.92577964373991
0.7157442915797163
0.43713917642286654
-0.6813090508810443
1.4965929298234988
7.962649566771316
-2.1160287395908632
-0.3623389313690764
-2.8590042639919813
1.5715925499113523
0.2602273402488965
-2.1137950425696945
-13.719564228110096
1.560726646869269
-1.2124936427043913
0.3999398335890653
1.1428508356182592
0.6088642165055629
-0.6486993952188017
3.396079612076654
-7.171599102571263
2.380115690215477
35.1136308114358
-0.19313449460280024
-0.5455231977231471
4.8133726775837316
1.0903039014640472
-0.27963770272043736
0.6968902417259959
-0.7592400796680966
4.909349438123899
1.6651181766775878
0.049969805890200954
-6.291728042146303
-1.5015632566094776
1.040248877123118
-0.3011420078413361
0.19158628358368576
-0.6252318396930016
0.8168260067892399
1.6777597789859215
-0.172736770345738
1.6723425281620474
0.7212236383953857
-1.2207156877360854
-0.5272550434078792
4.670791742616658
0.3636391919856902
-1.4785464958497723
1.0062682248660169
-0.614188883940069
-0.22481620608812208
-3.10745303109196
-1.0160694902622178
0.6660295272392074
-0.6271565954256832
4.38999976652502
2.077503206436767
-3.6109350229068014
-0.22191038967836502
-38.13237540886987
-4.805863756500092
-0.4043554673452798
2.2446639706597136
-1.173380266872708
3.681592610348324
-1.2613715634347236
-0.17837434308078315
-1.613567442248986
-35.41089089816719
-2.1380879136028135
-1.130941507221649
-0.7532028698271044
-0.9865275381873583
-1.5446460227849983
2.5612128492812265
-11.839319610327722
-1.580396311616562
13.734002886429934
-0.9373588535419702
-0.11538267617693834
0.2687855424336292
-0.36058137171148236
-1.2831207261741577
-2.12688144246347
-1.9738109930120327
0.28425832992399086
-2.0144551800391985
-0.21136555042054894
-13.342780192809743
0.9108047836774673
-34.40787809024536
-1.2133598399165402
-0.11739280324978427
2.1370184284679663
-1.1224612244509065
-0.0931857620994814
-1.479541936528884
0.7393510225020238
-0.06652635296164183
0.5777127983919998
-0.5984641505257994
2.290968389522572
-2.3802280989618194
-0.5095355380006813
-1.121110885511858
1.4680779903001635
-0.306179511678792
-1.1177380891597417
-0.7003235126254053
1.3029461894512333
-0.9638106974313299
0.2226393088880263
1.0074264786148885
1.1179782953564108
-3.0145126119537693
8.237255915887426
0.7430051770886009
-1.009505498751456
-1.8195336956736483
10.226932658465847
-1.2936641435949665
-0.6944169832093605
1.063364618698235
-1.0431226227927257
0.07855958469603376
-31.106646045338927
-1.1449193469148542
0.12284537076005467
-8.049349474977475
-1.3870280900725172
1.0080751074251788
-1.8081190937919345
0.5041163124695051
0.9941534864334354
1.026943113499208
-0.9965315209632355
2.694063354943462
2.768997890015371
-0.06362467134570511
1.8556140369909233
21.045024962822932
-0.9320615229533685
4.3158990386870135
-1.2670170529878044
0.8033262709631246
1.425210770719647
1.4380282555556434
1.605856476329589
0.15491314846198112
-2.2164777146596704
7.779700210856324
-0.8189757266048019
0.7381024686367177
0.8715621668522908
-1.0350397363837278
-0.6332996384829395
0.937503647457485
-1.258180283354395
-0.6888131827967041
-2.026955926237302
0.9788193580286688
3.570456727671247
0.6896635270858064
0.3967889787876451
-0.7952272359892159
1.1772297797099913
1.789065565486834
1.21771750273127
-0.7295700055066504
-2.0175764075659206
-0.15770773401545296
2.917669465322294
1.0210444631588882
-27.027689433276812
0.9509853277241781
-11.411704426017042
1.6334731957027186
1.4329794095867414
-1.1664751934940825
17.40679157068566
2.600128262626183
3.349637223893938
1.7877915528779647
0.5990392255752827
0.5299367699212255
5.785036740413263
-0.8071408499250131
-0.49842083400685294
0.7013590265048955
-2.540274641713754
-2.060625262195656
-2.123831811894703
13.70571748475751
-0.06872041610181111
-0.7561196914655797
-1.2349417031599599
0.8933165294010229
-1.790791161183772
-0.022438530468818878
-0.3073049595124616
0.4559436383852564
0.34073336753307887
2.478031485744153
1.113927910356724
0.13452563500353995
-0.4275030074693072
-0.6395576448369671
1.4393607081621038
-2.4392960973867246
0.4099344898087041
1.2154985530958962
-0.8038346213712165
0.8556183214876062
0.18329359369730247
-1.4635858877745342
-1.1698597319572637
0.9154280778497816
2.2677158684340117
-0.6845194063501395
-7.523329032559131
-0.21330311263358495
-3.3901661487968107
-0.003663145106663708
-0.30618454763766995
1.71303815857902
0.28922698714098377
-5.505806786404432
0.20089525984827775
-1.2237811153851343
0.5697514136496257
-0.06723500078954199
-2.4834110547678425
0.3596419722924081
-0.455699556360462
1.2212781877170922
-1.7254210127232554
0.8204783005820786
-1.6765214685223537
1.1547714412185082
8.58970645393841
3.05890219970806
1.0574521300326905
-0.37250949676502243
-0.6804838889925124
3.379932780952999
-1.018493492832381
0.6476444456765723
2.2387000809788016
0.6633814252416311
-0.02107505384026679
0.709466949453808
-3.7351129917009045
1.2836687461021554
0.8596241549459886
0.1957978567121547
0.5591928588087042
-0.9683094139816171
0.04197858552753874
-0.0010921930697770398
0.8186329597674754
-1.0504748373901567
-1.3548911741309217
0.949374468088171
-1.0167207402456722
-0.8222539800946611
0.595519215051545
-0.76948359358223
-4.109256951204579
-0.6993213701716758
-0.7524760793554014
0.44117603301764946
-0.017626411569512553
0.711075907097836
0.7669666332071322
-0.7047364406970764
-0.1017460211983568
-3.681433213452595
-2.593664570029617
-3.994057588749734
0.4026856098925446
-1.6835312656351211
0.45360670867914504
-0.9617752231633335
1.2705461474462607
1.4917439529177536
-0.3894704006086623
0.36879896846814986
-2.0226930465045396
-0.392309499839085
6.40265933886119
-1.9577245814464603
0.5395668000359319
-1.4606468876472405
-7.43351362667637
0.23183263500865964
-0.9290509276056049
0.027172456636782128
-0.9365120165136093
-0.9347555371514178
-2.296209333373885
1.364709215828373
3.3306729723519943
2.8167006610747825
0.5629339812082491
1.6132758627825237
2.3683193726183327
0.8124913842548581
1.599742642281635
-7.47895984055036
4.906415796055318
0.6143980829634148
-0.12066516057901076
-0.8654172833550461
-0.920736788862959
0.13059664147169958
-1.7849520819527787
-0.3004663578042177
-1.6326111602440179
-3.9791713593931877
-0.8395832379040196
1.032411162242241
7.794717539086963
0.42649624681047876
-0.1923381264693193
0.2514691062212898
0.36108023669694717
0.8644572201695018
-2.5387050698661096
45.82077242856819
-0.7902613975876318
-0.6334263550847906
0.47469505160651215
-0.22353692502723738
-2.207908918946404
0.8809029538687405
-1.74386778395905
0.6458745641385433
2.798536138922394
0.6740308954953255
-3.8689068541222964
-0.7552672149889618
-2.1959584021481007
1.2311664824024913
-12.918069845276204
0.6939102759882633
0.6957275038377628
9.964805415813421
-2.6850005344305137
-0.6418838240339774
0.160786467860878
-0.4208185120619456
0.38327312499585603
0.20337196256653062
1.0321370197548083
1.7924889890770064
0.28943002178095484
0.27445877263176227
-1.3355204422278482
-1.4990517664326255
1.7449582597518567
1.9150662596947774
0.5970835437490875
0.5999643319197002
0.8201504937477635
-0.8300147992292575
6.379474602191204
-8.923741308998084
0.7363139729388338
-0.7297204776465694
0.737552128286014
1.6539156956722278
0.9880749713202868
0.5822035320030059
1.012687180246506
-0.25843503001089957
0.1698048275376514
2.347824551804386
0.9954302279449516
-6.387383547766572
0.6861793243664228
0.04514835420866146
-8.59500110364076
-1.8212681172463228
-4.4693976506
0.10466582490136495
2.251149455223126
0.9986867231399542
-1.9379340955073479
-1.7912789703750167
-1.0759618213904067
-2.194200906688935
-0.2585335875441902
-0.9545622849396589
0.9732438576291215
-1.568305174043942
4.010326601309791
0.13527022132309033
1.65744570067083
-0.3366121108025357
-0.2754454450063511
1.0324012446999118
0.5750487715144894
14.604562199168804
14.532314288903468
-1.4416124214404549
0.06159168905097076
-0.3017979147568223
0.5300249071479552
-0.12411244718324445
0.23221397243302228
0.667123719899245
-0.25721225886752125
-10.174819370156222
-0.5943639213341748
-1.1335350560758666
0.9649459533452373
-2.9373840227481725
5.436399501375353
1.1361669287284664
0.39779689410242947
-0.7257896087202887
-0.33074684809667304
-0.8153013289870417
-10.839704755788752
2.105507250866497
0.5260373669681372
-0.7247231898219183
1.0102075525212018
1.285039626334492
-0.8153690593044486
-1.1925028750312388
0.10002837681274572
-0.8934917318721797
-0.6438784420006946
0.6343464049758835
-0.37840047758945006
2.4839114708602508
-0.36471436035227484
1.0133880773957245
-3.227614599840258
5.488063862726207
1.812985814652148
-1.4664897640904377
-2.2538095106265574
-14.097658806851193
0.5130685894381387
1.3235493490400416
-0.009545113486137888
-1.367524162061882
0.981810156984014
1.964316996006156
-0.9578504069352196
-0.40090838053999533
-2.99497711945612
-1.5770814765228642
0.5106050937816302
-26.19947012064931
1.8677784035329796
-2.0828124382916373
-0.05939065929118638
-0.9903975076166947
0.05469318148716837
0.6006170153751293
-0.6819617594544943
110.17970184196015
2.3587230161542285
1.2517369667525782
-0.8477235695446562
1.80295451391525
-0.9661793501807462
0.898313610947874
0.5813514160574852
1.2340179548484946
-2.0178214760633213
-0.957415850157188
-4.190851080164469
-1.4649313216523203
-3.688173735183916
-1.3420701657423126
1.1559143287357807
3.1616600514726945
-0.6098746566532461
-0.299736772179451
-0.7532620781538223
10.674781818784478
6.6398789149300805
0.11484573317295799
-0.5809196069892546
0.2937760115036306
-0.8017818787281485
0.5650296983422398
0.37265865677051146
2.5387284611107552
-0.14406990254348387
-1.5354864389109546
1.0863560185686802
-1.613536479031034
0.05950713177059479
-1.2500211167355286
-21.92577964373991
0.7157442915797163
0.43713917642286654
-0.6813090508810443
1.4965929298234988
7.962649566771316
-2.1160287395908632
-0.3623389313690764
-2.8590042639919813
1.5715925499113523
0.2602273402488965
-2.1137950425696945
-13.719564228110096
1.560726646869269
-1.2124936427043913
0.3999398335890653
1.1428508356182592
0.6088642165055629
-0.6486993952188017
3.396079612076654
-7.171599102571263
2.380115690215477
35.1136308114358
-0.19313449460280024
-0.5455231977231471
4.8133726775837316
1.0903039014640472
-0.27963770272043736
0.6968902417259959
-0.7592400796680966
4.909349438123899
1.6651181766775878
0.049969805890200954
-6.291728042146303
-1.5015632566094776
1.040248877123118
-0.3011420078413361
0.19158628358368576
-0.6252318396930016
0.8168260067892399
1.6777597789859215
-0.172736770345738
1.6723425281620474
0.7212236383953857
-1.2207156877360854
-0.5272550434078792
4.670791742616658
0.3636391919856902
-1.4785464958497723
1.0062682248660169
-0.614188883940069
-0.22481620608812208
-3.10745303109196
-1.0160694902622178
0.6660295272392074
-0.6271565954256832
4.38999976652502
2.077503206436767
-3.6109350229068014
-0.22191038967836502
-38.13237540886987
-4.805863756500092
-0.4043554673452798
2.2446639706597136
-1.173380266872708
3.681592610348324
-1.2613715634347236
-0.17837434308078315
-1.613567442248986
-35.41089089816719
-2.1380879136028135
-1.130941507221649
-0.7532028698271044
-0.9865275381873583
-1.5446460227849983
2.5612128492812265
-11.839319610327722
-1.580396311616562
13.734002886429934
-0.9373588535419702
-0.11538267617693834
0.2687855424336292
-0.36058137171148236
-1.2831207261741577
-2.12688144246347
-1.9738109930120327
0.28425832992399086
-2.0144551800391985
-0.21136555042054894
-13.342780192809743
0.9108047836774673
-34.40787809024536
-1.2133598399165402
-0.11739280324978427
2.1370184284679663
-1.1224612244509065
-0.0931857620994814
-1.479541936528884
0.7393510225020238
-0.06652635296164183
0.5777127983919998
-0.5984641505257994
2.290968389522572
-2.3802280989618194
-0.5095355380006813
-1.121110885511858
1.4680779903001635
-0.306179511678792
-1.1177380891597417
-0.7003235126254053
1.3029461894512333
-0.9638106974313299
0.2226393088880263
1.0074264786148885
1.1179782953564108
-3.0145126119537693
8.237255915887426
0.7430051770886009
-1.009505498751456
-1.8195336956736483
10.226932658465847
-1.2936641435949665
-0.6944169832093605
1.063364618698235
-1.0431226227927257
0.07855958469603376
-31.106646045338927
-1.1449193469148542
0.12284537076005467
-8.049349474977475
-1.3870280900725172
1.0080751074251788
-1.8081190937919345
0.5041163124695051
0.9941534864334354
1.026943113499208
-0.9965315209632355
2.694063354943462
2.768997890015371
-0.06362467134570511
1.8556140369909233
21.045024962822932
-0.9320615229533685
4.3158990386870135
-1.2670170529878044
0.8033262709631246
1.425210770719647
1.4380282555556434
1.605856476329589
0.15491314846198112
-2.2164777146596704
7.779700210856324
-0.8189757266048019
0.7381024686367177
0.8715621668522908
-1.0350397363837278
-0.6332996384829395
0.937503647457485
-1.258180283354395
-0.6888131827967041
-2.026955926237302
0.9788193580286688
3.570456727671247
0.6896635270858064
0.3967889787876451
-0.7952272359892159
1.1772297797099913
1.789065565486834
1.21771750273127
-0.7295700055066504
-2.0175764075659206
-0.15770773401545296
2.917669465322294
1.0210444631588882
-27.027689433276812
0.9509853277241781
-11.411704426017042
1.6334731957027186
1.4329794095867414
-1.1664751934940825
17.40679157068566
2.600128262626183
3.349637223893938
1.7877915528779647
0.5990392255752827
0.5299367699212255
5.785036740413263
-0.8071408499250131
-0.49842083400685294
0.7013590265048955
-2.540274641713754
-2.060625262195656
-2.123831811894703
13.70571748475751
-0.06872041610181111
-0.7561196914655797
-1.2349417031599599
0.8933165294010229
-1.790791161183772
-0.022438530468818878
-0.3073049595124616
0.4559436383852564
0.34073336753307887
2.478031485744153
1.113927910356724
0.13452563500353995
-0.4275030074693072
-0.6395576448369671
1.4393607081621038
-2.4392960973867246
0.4099344898087041
1.2154985530958962
-0.8038346213712165
0.8556183214876062
0.18329359369730247
-1.4635858877745342
-1.1698597319572637
0.9154280778497816
2.2677158684340117
-0.6845194063501395
-7.523329032559131
-0.21330311263358495
-3.3901661487968107
-0.003663145106663708
-0.30618454763766995
1.71303815857902
0.28922698714098377
-5.505806786404432
0.20089525984827775
-1.2237811153851343
0.5697514136496257
-0.06723500078954199
-2.4834110547678425
0.3596419722924081
-0.455699556360462
1.2212781877170922
-1.7254210127232554
0.8204783005820786
-1.6765214685223537
1.1547714412185082
8.58970645393841
3.05890219970806
1.0574521300326905
-0.37250949676502243
-0.6804838889925124
3.379932780952999
-1.018493492832381
0.6476444456765723
2.2387000809788016
0.6633814252416311
-0.02107505384026679
0.709466949453808
-3.7351129917009045
1.2836687461021554
0.8596241549459886
0.1957978567121547
0.5591928588087042
-0.9683094139816171
0.04197858552753874
-0.0010921930697770398
0.8186329597674754
-1.0504748373901567
-1.3548911741309217
0.949374468088171
-1.0167207402456722
-0.8222539800946611
0.595519215051545
-0.76948359358223
-4.109256951204579
-0.6993213701716758
-0.7524760793554014
0.44117603301764946
-0.017626411569512553
0.711075907097836
0.7669666332071322
-0.7047364406970764
-0.1017460211983568
-3.681433213452595
-2.593664570029617
-3.994057588749734
0.4026856098925446
-1.6835312656351211
0.45360670867914504
-0.9617752231633335
1.2705461474462607
1.4917439529177536
-0.3894704006086623
0.36879896846814986
-2.0226930465045396
-0.392309499839085
6.40265933886119
-1.9577245814464603
0.5395668000359319
-1.4606468876472405
-7.43351362667637
0.23183263500865964
-0.9290509276056049
0.027172456636782128
-0.9365120165136093
-0.9347555371514178
-2.296209333373885
1.364709215828373
3.3306729723519943
2.8167006610747825
0.5629339812082491
1.6132758627825237
2.3683193726183327
0.8124913842548581
1.599742642281635
-7.47895984055036
4.906415796055318
0.6143980829634148
-0.12066516057901076
-0.8654172833550461
-0.920736788862959
0.13059664147169958
-1.7849520819527787
-0.3004663578042177
-1.6326111602440179
-3.9791713593931877
-0.8395832379040196
1.032411162242241
7.794717539086963
0.42649624681047876
-0.1923381264693193
0.2514691062212898
0.36108023669694717
0.8644572201695018
-2.5387050698661096
45.82077242856819
-0.7902613975876318
-0.6334263550847906
0.47469505160651215
-0.22353692502723738
-2.207908918946404
0.8809029538687405
-1.74386778395905
0.6458745641385433
2.798536138922394
0.6740308954953255
-3.8689068541222964
-0.7552672149889618
-2.1959584021481007
1.2311664824024913
-12.918069845276204
0.6939102759882633
0.6957275038377628
9.964805415813421
-2.6850005344305137
-0.6418838240339774
0.160786467860878
-0.4208185120619456
0.38327312499585603
0.20337196256653062
1.0321370197548083
1.7924889890770064
0.28943002178095484
0.27445877263176227
-1.3355204422278482
-1.4990517664326255
1.7449582597518567
1.9150662596947774
0.5970835437490875
0.5999643319197002
0.8201504937477635
-0.8300147992292575
6.379474602191204
-8.923741308998084
0.7363139729388338
-0.7297204776465694
0.737552128286014
1.6539156956722278
0.9880749713202868
0.5822035320030059
1.012687180246506
-0.25843503001089957
0.1698048275376514
2.347824551804386
0.9954302279449516
-6.387383547766572
0.6861793243664228
0.04514835420866146
-8.59500110364076
-1.8212681172463228
-4.4693976506
0.10466582490136495
2.251149455223126
0.9986867231399542
-1.9379340955073479
-1.7912789703750167
-1.0759618213904067
-2.194200906688935
-0.2585335875441902
-0.9545622849396589
0.9732438576291215
-1.568305174043942
4.010326601309791
0.13527022132309033
1.65744570067083
-0.3366121108025357
-0.2754454450063511
1.0324012446999118
0.5750487715144894
14.604562199168804
14.532314288903468
-1.4416124214404549
0.06159168905097076
-0.3017979147568223
0.5300249071479552
-0.12411244718324445
0.23221397243302228
0.667123719899245
-0.25721225886752125
-10.174819370156222
-0.5943639213341748
-1.1335350560758666
0.9649459533452373
-2.9373840227481725
5.436399501375353
1.1361669287284664
0.39779689410242947
-0.7257896087202887
-0.33074684809667304
-0.8153013289870417
-10.839704755788752
2.105507250866497
0.5260373669681372
-0.7247231898219183
1.0102075525212018
1.285039626334492
-0.8153690593044486
-1.1925028750312388
0.10002837681274572
-0.8934917318721797
-0.6438784420006946
0.6343464049758835
-0.37840047758945006
2.4839114708602508
-0.36471436035227484
1.0133880773957245
-3.227614599840258
5.488063862726207
1.812985814652148
-1.4664897640904377
-2.2538095106265574
-14.097658806851193
0.5130685894381387
1.3235493490400416
-0.009545113486137888
-1.367524162061882
0.981810156984014
1.964316996006156
-0.9578504069352196
-0.40090838053999533
-2.99497711945612
-1.5770814765228642
0.5106050937816302
-26.19947012064931
1.8677784035329796
-2.0828124382916373
-0.05939065929118638
-0.9903975076166947
0.05469318148716837
0.6006170153751293
-0.6819617594544943
110.17970184196015
2.3587230161542285
1.2517369667525782
-0.8477235695446562
1.80295451391525
-0.9661793501807462
0.898313610947874
0.5813514160574852
1.2340179548484946
-2.0178214760633213
-0.957415850157188
-4.190851080164469
-1.4649313216523203
-3.688173735183916
-1.3420701657423126
1.1559143287357807
3.1616600514726945
-0.6098746566532461
-0.299736772179451
-0.7532620781538223
10.674781818784478
6.6398789149300805
0.11484573317295799
-0.5809196069892546
0.2937760115036306
-0.8017818787281485
0.5650296983422398
0.37265865677051146
2.5387284611107552
-0.14406990254348387
-1.5354864389109546
1.0863560185686802
-1.613536479031034
0.05950713177059479
-1.2500211167355286
-21.92577964373991
0.7157442915797163
0.43713917642286654
-0.6813090508810443
1.4965929298234988
7.962649566771316
-2.1160287395908632
-0.3623389313690764
-2.8590042639919813
1.5715925499113523
0.2602273402488965
-2.1137950425696945
-13.719564228110096
1.560726646869269
-1.2124936427043913
0.3999398335890653
1.1428508356182592
0.6088642165055629
-0.6486993952188017
3.396079612076654
-7.171599102571263
2.380115690215477
35.1136308114358
-0.19313449460280024
-0.5455231977231471
4.8133726775837316
1.0903039014640472
-0.27963770272043736
0.6968902417259959
-0.7592400796680966
4.909349438123899
1.6651181766775878
0.049969805890200954
-6.291728042146303
-1.5015632566094776
1.040248877123118
-0.3011420078413361
0.19158628358368576
-0.6252318396930016
0.8168260067892399
1.6777597789859215
-0.172736770345738
1.6723425281620474
0.7212236383953857
-1.2207156877360854
-0.5272550434078792
4.670791742616658
0.3636391919856902
-1.4785464958497723
1.0062682248660169
-0.614188883940069
-0.22481620608812208
-3.10745303109196
-1.0160694902622178
0.6660295272392074
-0.6271565954256832
4.38999976652502
2.077503206436767
-3.6109350229068014
-0.22191038967836502
-38.13237540886987
-4.805863756500092
-0.4043554673452798
2.2446639706597136
-1.173380266872708
3.681592610348324
-1.2613715634347236
-0.17837434308078315
-1.613567442248986
-35.41089089816719
-2.1380879136028135
-1.130941507221649
-0.7532028698271044
-0.9865275381873583
-1.5446460227849983
2.5612128492812265
-11.839319610327722
-1.580396311616562
13.734002886429934
-0.9373588535419702
-0.11538267617693834
0.2687855424336292
-0.36058137171148236
-1.2831207261741577
-2.12688144246347
-1.9738109930120327
0.28425832992399086
-2.0144551800391985
-0.21136555042054894
-13.342780192809743
0.9108047836774673
-34.40787809024536
-1.2133598399165402
-0.11739280324978427
2.1370184284679663
-1.1224612244509065
-0.0931857620994814
-1.479541936528884
0.7393510225020238
-0.06652635296164183
0.5777127983919998
-0.5984641505257994
2.290968389522572
-2.3802280989618194
-0.5095355380006813
-1.121110885511858
1.4680779903001635
-0.306179511678792
-1.1177380891597417
-0.7003235126254053
1.3029461894512333
-0.9638106974313299
0.2226393088880263
1.0074264786148885
1.1179782953564108
-3.0145126119537693
8.237255915887426
0.7430051770886009
-1.009505498751456
-1.8195336956736483
10.226932658465847
-1.2936641435949665
-0.6944169832093605
1.063364618698235
-1.0431226227927257
0.07855958469603376
-31.106646045338927
-1.1449193469148542
0.12284537076005467
-8.049349474977475
-1.3870280900725172
1.0080751074251788
-1.8081190937919345
0.5041163124695051
0.9941534864334354
1.026943113499208
-0.9965315209632355
2.694063354943462
2.768997890015371
-0.06362467134570511
1.8556140369909233
21.045024962822932
-0.9320615229533685
4.3158990386870135
-1.2670170529878044
0.8033262709631246
1.425210770719647
1.4380282555556434
1.605856476329589
0.15491314846198112
-2.2164777146596704
7.779700210856324
-0.8189757266048019
0.7381024686367177
0.8715621668522908
-1.0350397363837278
-0.6332996384829395
0.937503647457485
-1.258180283354395
-0.6888131827967041
-2.026955926237302
0.9788193580286688
3.570456727671247
0.6896635270858064
0.3967889787876451
-0.7952272359892159
1.1772297797099913
1.789065565486834
1.21771750273127
-0.7295700055066504
-2.0175764075659206
-0.15770773401545296
2.917669465322294
1.0210444631588882
-27.027689433276812
0.9509853277241781
-11.411704426017042
1.6334731957027186
1.4329794095867414
-1.1664751934940825
17.40679157068566
2.600128262626183
3.349637223893938
1.7877915528779647
0.5990392255752827
0.5299367699212255
5.785036740413263
-0.8071408499250131
-0.49842083400685294
0.7013590265048955
-2.540274641713754
-2.060625262195656
-2.123831811894703
13.70571748475751
-0.06872041610181111
-0.7561196914655797
-1.2349417031599599
0.8933165294010229
-1.790791161183772
-0.022438530468818878
-0.3073049595124616
0.4559436383852564
0.34073336753307887
2.478031485744153
1.113927910356724
0.13452563500353995
-0.4275030074693072
-0.6395576448369671
1.4393607081621038
-2.4392960973867246
0.4099344898087041
1.2154985530958962
-0.8038346213712165
0.8556183214876062
0.18329359369730247
-1.4635858877745342
-1.1698597319572637
0.9154280778497816
2.2677158684340117
-0.6845194063501395
-7.523329032559131
-0.21330311263358495
-3.3901661487968107
-0.003663145106663708
-0.30618454763766995
1.71303815857902
0.28922698714098377
-5.505806786404432
0.20089525984827775
-1.2237811153851343
0.5697514136496257
-0.06723500078954199
-2.4834110547678425
0.3596419722924081
-0.455699556360462
1.2212781877170922
-1.7254210127232554
0.8204783005820786
-1.6765214685223537
1.1547714412185082
8.58970645393841
3.05890219970806
1.0574521300326905
-0.37250949676502243
-0.6804838889925124
3.379932780952999
-1.018493492832381
0.6476444456765723
2.2387000809788016
0.6633814252416311
-0.02107505384026679
0.709466949453808
-3.7351129917009045
1.2836687461021554
0.8596241549459886
0.1957978567121547
0.5591928588087042
-0.9683094139816171
0.04197858552753874
-0.0010921930697770398
0.8186329597674754
-1.0504748373901567
-1.3548911741309217
0.949374468088171
-1.0167207402456722
-0.8222539800946611
0.595519215051545
-0.76948359358223
-4.109256951204579
-0.6993213701716758
-0.7524760793554014
0.44117603301764946
-0.017626411569512553
0.711075907097836
0.7669666332071322
-0.7047364406970764
-0.1017460211983568
-3.681433213452595
-2.593664570029617
-3.994057588749734
0.4026856098925446
-1.6835312656351211
0.45360670867914504
-0.9617752231633335
1.2705461474462607
1.4917439529177536
-0.3894704006086623
0.36879896846814986
-2.0226930465045396
-0.392309499839085
6.40265933886119
-1.9577245814464603
0.5395668000359319
-1.4606468876472405
-7.43351362667637
0.23183263500865964
-0.9290509276056049
0.027172456636782128
-0.9365120165136093
-0.9347555371514178
-2.296209333373885
1.364709215828373
3.3306729723519943
2.8167006610747825
0.5629339812082491
1.6132758627825237
2.3683193726183327
0.8124913842548581
1.599742642281635
-7.47895984055036
4.906415796055318
0.6143980829634148
-0.12066516057901076
-0.8654172833550461
-0.920736788862959
0.13059664147169958
-1.7849520819527787
-0.3004663578042177
-1.6326111602440179
-3.9791713593931877
-0.8395832379040196
1.032411162242241
7.794717539086963
0.42649624681047876
-0.1923381264693193
0.2514691062212898
0.36108023669694717
0.8644572201695018
-2.5387050698661096
45.82077242856819
-0.7902613975876318
-0.6334263550847906
0.47469505160651215
-0.22353692502723738
-2.207908918946404
0.8809029538687405
-1.74386778395905
0.6458745641385433
2.798536138922394
0.6740308954953255
-3.8689068541222964
-0.7552672149889618
-2.1959584021481007
1.2311664824024913
-12.918069845276204
0.6939102759882633
0.6957275038377628
9.964805415813421
-2.6850005344305137
-0.6418838240339774
0.160786467860878
-0.4208185120619456
0.38327312499585603
0.20337196256653062
1.0321370197548083
1.7924889890770064
0.28943002178095484
0.27445877263176227
-1.3355204422278482
-1.4990517664326255
1.7449582597518567
1.9150662596947774
0.5970835437490875
0.5999643319197002
0.8201504937477635
-0.8300147992292575
6.379474602191204
-8.923741308998084
0.7363139729388338
-0.7297204776465694
0.737552128286014
1.6539156956722278
0.9880749713202868
0.5822035320030059
1.012687180246506
-0.25843503001089957
0.1698048275376514
2.347824551804386
0.9954302279449516
-6.387383547766572
0.6861793243664228
0.04514835420866146
-8.59500110364076
-1.8212681172463228
-4.4693976506
0.10466582490136495
2.251149455223126
0.9986867231399542
-1.9379340955073479
-1.7912789703750167
-1.0759618213904067
-2.194200906688935
-0.2585335875441902
-0.9545622849396589
0.9732438576291215
-1.568305174043942
4.010326601309791
0.13527022132309033
1.65744570067083
-0.3366121108025357
-0.2754454450063511
1.0324012446999118
0.5750487715144894
14.604562199168804
14.532314288903468
-1.4416124214404549
0.06159168905097076
-0.3017979147568223
0.5300249071479552
-0.12411244718324445
0.23221397243302228
0.667123719899245
-0.25721225886752125
-10.174819370156222
-0.5943639213341748
-1.1335350560758666
0.9649459533452373
-2.9373840227481725
5.436399501375353
1.1361669287284664
0.39779689410242947
-0.7257896087202887
-0.33074684809667304
-0.8153013289870417
-10.839704755788752
2.105507250866497
0.5260373669681372
-0.7247231898219183
1.0102075525212018
1.285039626334492
-0.8153690593044486
-1.1925028750312388
0.10002837681274572
-0.8934917318721797
-0.6438784420006946
0.6343464049758835
-0.37840047758945006
2.4839114708602508
-0.36471436035227484
1.0133880773957245
-3.227614599840258
5.488063862726207
1.812985814652148
-1.4664897640904377
-2.2538095106265574
-14.097658806851193
0.5130685894381387
1.3235493490400416
-0.009545113486137888
-1.367524162061882
0.981810156984014
1.964316996006156
-0.9578504069352196
-0.40090838053999533
-2.99497711945612
-1.5770814765228642
0.5106050937816302
-26.19947012064931
1.8677784035329796
-2.0828124382916373
-0.05939065929118638
-0.9903975076166947
0.05469318148716837
0.6006170153751293
-0.6819617594544943
110.17970184196015
2.3587230161542285
1.2517369667525782
-0.8477235695446562
1.80295451391525
-0.9661793501807462
0.898313610947874
0.5813514160574852
1.2340179548484946
-2.0178214760633213
-0.957415850157188
-4.190851080164469
-1.4649313216523203
-3.688173735183916
-1.3420701657423126
1.1559143287357807
3.1616600514726945
-0.6098746566532461
-0.299736772179451
-0.7532620781538223
10.674781818784478
6.6398789149300805
0.11484573317295799
-0.5809196069892546
0.2937760115036306
-0.8017818787281485
0.5650296983422398
0.37265865677051146
2.5387284611107552
-0.14406990254348387
-1.5354864389109546
1.0863560185686802
-1.613536479031034
0.05950713177059479
-1.2500211167355286
-21.92577964373991
0.7157442915797163
0.43713917642286654
-0.6813090508810443
1.4965929298234988
7.962649566771316
-2.1160287395908632
-0.3623389313690764
-2.8590042639919813
1.5715925499113523
0.2602273402488965
-2.1137950425696945
-13.719564228110096
1.560726646869269
-1.2124936427043913
0.3999398335890653
1.1428508356182592
0.6088642165055629
-0.6486993952188017
3.396079612076654
-7.171599102571263
2.380115690215477
35.1136308114358
-0.19313449460280024
-0.5455231977231471
4.8133726775837316
1.0903039014640472
-0.27963770272043736
0.6968902417259959
-0.7592400796680966
4.909349438123899
1.6651181766775878
0.049969805890200954
-6.291728042146303
-1.5015632566094776
1.040248877123118
-0.3011420078413361
0.19158628358368576
-0.6252318396930016
0.8168260067892399
1.6777597789859215
-0.172736770345738
1.6723425281620474
0.7212236383953857
-1.2207156877360854
-0.5272550434078792
4.670791742616658
0.3636391919856902
-1.4785464958497723
1.0062682248660169
-0.614188883940069
-0.22481620608812208
-3.10745303109196
-1.0160694902622178
0.6660295272392074
-0.6271565954256832
4.38999976652502
2.077503206436767
-3.6109350229068014
-0.22191038967836502
-38.13237540886987
-4.805863756500092
-0.4043554673452798
2.2446639706597136
-1.173380266872708
3.681592610348324
-1.2613715634347236
-0.17837434308078315
-1.613567442248986
-35.41089089816719
-2.1380879136028135
-1.130941507221649
-0.7532028698271044
-0.9865275381873583
-1.5446460227849983
2.5612128492812265
-11.839319610327722
-1.580396311616562
13.734002886429934
-0.9373588535419702
-0.11538267617693834
0.2687855424336292
-0.36058137171148236
-1.2831207261741577
-2.12688144246347
-1.9738109930120327
0.28425832992399086
-2.0144551800391985
-0.21136555042054894
-13.342780192809743
0.9108047836774673
-34.40787809024536
-1.2133598399165402
-0.11739280324978427
2.1370184284679663
-1.1224612244509065
-0.0931857620994814
-1.479541936528884
0.7393510225020238
-0.06652635296164183
0.5777127983919998
-0.5984641505257994
2.290968389522572
-2.3802280989618194
-0.5095355380006813
-1.121110885511858
1.4680779903001635
-0.306179511678792
-1.1177380891597417
-0.7003235126254053
1.3029461894512333
-0.9638106974313299
0.2226393088880263
1.0074264786148885
1.1179782953564108
-3.0145126119537693
8.237255915887426
0.7430051770886009
-1.009505498751456
-1.8195336956736483
10.226932658465847
-1.2936641435949665
-0.6944169832093605
1.063364618698235
-1.0431226227927257
0.07855958469603376
-31.106646045338927
-1.1449193469148542
0.12284537076005467
-8.049349474977475
-1.3870280900725172
1.0080751074251788
-1.8081190937919345
0.5041163124695051
0.9941534864334354
1.026943113499208
-0.9965315209632355
2.694063354943462
2.768997890015371
-0.06362467134570511
1.8556140369909233
21.045024962822932
-0.9320615229533685
4.3158990386870135
-1.2670170529878044
0.8033262709631246
1.425210770719647
1.4380282555556434
1.605856476329589
0.15491314846198112
-2.2164777146596704
7.779700210856324
-0.8189757266048019
0.7381024686367177
0.8715621668522908
-1.0350397363837278
-0.6332996384829395
0.937503647457485
-1.258180283354395
-0.6888131827967041
-2.026955926237302
0.9788193580286688
3.570456727671247
0.6896635270858064
0.3967889787876451
-0.7952272359892159
1.1772297797099913
1.789065565486834
1.21771750273127
-0.7295700055066504
-2.0175764075659206
-0.15770773401545296
2.917669465322294
1.0210444631588882
-27.027689433276812
0.9509853277241781
-11.411704426017042
1.6334731957027186
1.4329794095867414
-1.1664751934940825
17.40679157068566
2.600128262626183
3.349637223893938
1.7877915528779647
0.5990392255752827
0.5299367699212255
5.785036740413263
-0.8071408499250131
-0.49842083400685294
0.7013590265048955
-2.540274641713754
-2.060625262195656
-2.123831811894703
13.70571748475751
-0.06872041610181111
-0.7561196914655797
-1.2349417031599599
0.8933165294010229
-1.790791161183772
-0.022438530468818878
-0.3073049595124616
0.4559436383852564
0.34073336753307887
2.478031485744153
1.113927910356724
0.13452563500353995
-0.4275030074693072
-0.6395576448369671
1.4393607081621038
-2.4392960973867246
0.4099344898087041
1.2154985530958962
-0.8038346213712165
0.8556183214876062
0.18329359369730247
-1.4635858877745342
-1.1698597319572637
0.9154280778497816
2.2677158684340117
-0.6845194063501395
-7.523329032559131
-0.21330311263358495
-3.3901661487968107
-0.003663145106663708
-0.30618454763766995
1.71303815857902
0.28922698714098377
-5.505806786404432
0.20089525984827775
-1.2237811153851343
0.5697514136496257
-0.06723500078954199
-2.4834110547678425
0.3596419722924081
-0.455699556360462
1.2212781877170922
-1.7254210127232554
0.8204783005820786
-1.6765214685223537
1.1547714412185082
8.58970645393841
3.05890219970806
1.0574521300326905
-0.37250949676502243
-0.6804838889925124
3.379932780952999
-1.018493492832381
0.6476444456765723
2.2387000809788016
0.6633814252416311
-0.02107505384026679
0.709466949453808
-3.7351129917009045
1.2836687461021554
0.8596241549459886
0.1957978567121547
0.5591928588087042
-0.9683094139816171
0.04197858552753874
-0.0010921930697770398
0.8186329597674754
-1.0504748373901567
-1.3548911741309217
0.949374468088171
-1.0167207402456722
-0.8222539800946611
0.595519215051545
-0.76948359358223
-4.109256951204579
-0.6993213701716758
-0.7524760793554014
0.44117603301764946
-0.017626411569512553
0.711075907097836
0.7669666332071322
-0.7047364406970764
-0.1017460211983568
-3.681433213452595
-2.593664570029617
-3.994057588749734
0.4026856098925446
-1.6835312656351211
0.45360670867914504
-0.9617752231633335
1.2705461474462607
1.4917439529177536
-0.3894704006086623
0.36879896846814986
-2.0226930465045396
-0.392309499839085
6.40265933886119
-1.9577245814464603
0.5395668000359319
-1.4606468876472405
-7.43351362667637
0.23183263500865964
-0.9290509276056049
0.027172456636782128
-0.9365120165136093
-0.9347555371514178
-2.296209333373885
1.364709215828373
3.3306729723519943
2.8167006610747825
0.5629339812082491
1.6132758627825237
2.3683193726183327
0.8124913842548581
1.599742642281635
-7.47895984055036
4.906415796055318
0.6143980829634148
-0.12066516057901076
-0.8654172833550461
-0.920736788862959
0.13059664147169958
-1.7849520819527787
-0.3004663578042177
-1.6326111602440179
-3.9791713593931877
-0.8395832379040196
1.032411162242241
7.794717539086963
0.42649624681047876
-0.1923381264693193
0.2514691062212898
0.36108023669694717
0.8644572201695018
-2.5387050698661096
45.82077242856819
-0.7902613975876318
-0.6334263550847906
0.47469505160651215
-0.22353692502723738
-2.207908918946404
0.8809029538687405
-1.74386778395905
0.6458745641385433
2.798536138922394
0.6740308954953255
-3.8689068541222964
-0.7552672149889618
-2.1959584021481007
1.2311664824024913
-12.918069845276204
0.6939102759882633
0.6957275038377628
9.964805415813421
-2.6850005344305137
-0.6418838240339774
0.160786467860878
-0.4208185120619456
0.38327312499585603
0.20337196256653062
1.0321370197548083
1.7924889890770064
0.28943002178095484
0.27445877263176227
-1.3355204422278482
-1.4990517664326255
1.7449582597518567
1.9150662596947774
0.5970835437490875
0.5999643319197002
0.8201504937477635
-0.8300147992292575
6.379474602191204
-8.923741308998084
0.7363139729388338
-0.7297204776465694
0.737552128286014
1.6539156956722278
0.9880749713202868
0.5822035320030059
1.012687180246506
-0.25843503001089957
0.1698048275376514
2.347824551804386
0.9954302279449516
-6.387383547766572
0.6861793243664228
0.04514835420866146
-8.59500110364076
-1.8212681172463228
-4.4693976506
0.10466582490136495
2.251149455223126
0.9986867231399542
-1.9379340955073479
-1.7912789703750167
-1.0759618213904067
-2.194200906688935
-0.2585335875441902
-0.9545622849396589
0.9732438576291215
-1.568305174043942
4.010326601309791
0.13527022132309033
1.65744570067083
-0.3366121108025357
-0.2754454450063511
1.0324012446999118
0.5750487715144894
14.604562199168804
14.532314288903468
-1.4416124214404549
0.06159168905097076
-0.3017979147568223
0.5300249071479552
-0.12411244718324445
0.23221397243302228
0.667123719899245
-0.25721225886752125
-10.174819370156222
-0.5943639213341748
-1.1335350560758666
0.9649459533452373
-2.9373840227481725
5.436399501375353
1.1361669287284664
0.39779689410242947
-0.7257896087202887
-0.33074684809667304
-0.8153013289870417
-10.839704755788752
2.105507250866497
0.5260373669681372
-0.7247231898219183
1.0102075525212018
1.285039626334492
-0.8153690593044486
-1.1925028750312388
0.10002837681274572
-0.8934917318721797
-0.6438784420006946
0.6343464049758835
-0.37840047758945006
2.4839114708602508
-0.36471436035227484
1.0133880773957245
-3.227614599840258
5.488063862726207
1.812985814652148
-1.4664897640904377
-2.2538095106265574
-14.097658806851193
0.5130685894381387
1.3235493490400416
-0.009545113486137888
-1.367524162061882
0.981810156984014
1.964316996006156
-0.9578504069352196
-0.40090838053999533
-2.99497711945612
-1.5770814765228642
0.5106050937816302
-26.19947012064931
1.8677784035329796
-2.0828124382916373
-0.05939065929118638
-0.9903975076166947
0.05469318148716837
0.6006170153751293
-0.6819617594544943
110.17970184196015
2.3587230161542285
1.2517369667525782
-0.8477235695446562
1.80295451391525
-0.9661793501807462
0.898313610947874
0.5813514160574852
1.2340179548484946
-2.0178214760633213
-0.957415850157188
-4.190851080164469
-1.4649313216523203
-3.688173735183916
-1.3420701657423126
1.1559143287357807
3.1616600514726945
-0.6098746566532461
-0.299736772179451
-0.7532620781538223
10.674781818784478
6.6398789149300805
0.11484573317295799
-0.5809196069892546
0.2937760115036306
-0.8017818787281485
0.5650296983422398
0.37265865677051146
2.5387284611107552
-0.14406990254348387
-1.5354864389109546
1.0863560185686802
-1.613536479031034
0.05950713177059479
-1.2500211167355286
-21.92577964373991
0.7157442915797163
0.43713917642286654
-0.6813090508810443
1.4965929298234988
7.962649566771316
-2.1160287395908632
-0.3623389313690764
-2.8590042639919813
1.5715925499113523
0.2602273402488965
-2.1137950425696945
-13.719564228110096
1.560726646869269
-1.2124936427043913
0.3999398335890653
1.1428508356182592
0.6088642165055629
-0.6486993952188017
3.396079612076654
-7.171599102571263
2.380115690215477
35.1136308114358
-0.19313449460280024
-0.5455231977231471
4.8133726775837316
1.0903039014640472
-0.27963770272043736
0.6968902417259959
-0.7592400796680966
4.909349438123899
1.6651181766775878
