-52083044780276.3960335624381317
-1042290316170506.5946482402414637
-791537147174530.11475350656926253
125806001447022.5443841694200393
-966856385253633.6082563069825337
643899869684338.4483013233414821
890628322622331.462297845824431
856168501796827.022449119210928625
150944397274581.7531813600261185
-501239924501368.258404828023469
-167548238600494.6088022478798857
-874531492894212.16181538197525291
659896236541686.6202493017915561
-1055442468933933.16648548958892262
-723248291215195.2886209859728207
-885437394504764.06202128488878689
999318983825571.3180809344347364
595626976127407.07745592812805135
-139699294183145.507764462745401
808740917776412.20205677480619788
-624514262676681.14982376834994082
-373436812231905.7832034195551264
-71797903235255.2198114777388004
-99550124833671.24626962310414224
1053950715752248.08920901777898516
-863387540883400.738507220228461
284337112697502.19627603985432052
-539278127829195.3113250571089282
-895260373152738.8956512446985813
-191672080984539.5475243575393104
337391393458998.01450609977995354
927819115471675.7145421787618824
-683759741118758.5160957543315955
462453999950659.6478802682036029
976240789620855.9327744428572595
970159611023036.15715807443016583
533782755317358.09245718938781133
-869085666111539.7141737805549622
153166332863614.28804608755187877
-681295781691009.7464437407188764
-1055382103484064.16302580519763843
339629301850848.06614089990453886
-216353160906079.05192741915984367
212931460869122.8603073039758601
250784815595172.5816548697260326
376537083325289.5065074690956232
-550854096336541.6989933257636263
878335810153840.22420330785360842
-259484343130571.7662898661636072
-59108053970574.8397292743092425
-1037760395411652.08532495019014508
-499522885065274.4670882675515873
-580731914814560.16783333078097806
160825911053661.44673935524633746
216887374611896.8460042957023034
-977364669253438.38452605504784076
-977546293395368.30147093898350596
25635599222805.9270517672844771
-239550558170208.3076877416826478
49845474259691.2167191339722454
236250619053518.3163554459404936
-584264683261432.20704485560496755
674112573106429.9688728823098437
300317812339771.40543526484700687
206382345667815.2962223874286405
-175887009092001.6372101885159369
1123239835644328.319406758576001
305096178346048.9852260112127751
-632616536967812.1442481686502125
501530679227612.30260374258893274
-123674646608192.09926896378266559
693343249214836.05682955661284672
-714492821402663.19591622935204245
442803196627966.8206449253555871
203647643711745.5045371299157361
-5750988990855.5213370524535677
705261505019786.33886047579247347
-329856176882538.07426846614191507
-940989924469115.06139283170215881
832041196171866.8276592137426905
535242954028562.03266772944729002
-710622563282884.9872465830409052
-668414687923903.5120475097474544
677542858207532.6708508206711563
272636938450715.4526545850801533
-176504477031670.18468701079033123
-682268189050854.8936201793464549
-266384806417914.5258578771569025
368976691212999.2912517715158688
-31165362821283.4210247626578779
457797612150082.1482594003611526
-289672665511227.5371922632748961
-481345967643000.38908483658937976
-35047754949767.8264458207294082
800312629033845.35839552810157105
-853795348504713.7971274509863757
-56891438609028.22909179298749183
493067421332693.7696815663854966
-80214919933649.4206340381924454
-298434652427247.9207629546140191
256463882434816.08459839492151444
-711251058859536.903667147530979
-592115632313098.2753925472511385
461465254386928.5975427281061303
-727895116468415.671049795980917
342235867940682.10603782880336743
1049865426511336.946514100646738
-531897648877334.4148432041232899
-172432753544603.9563352799843929
-606605806734710.5497799966316589
-935109608316619.8813432901253526
464199758615837.6892287532333472
-211768861572646.11250414108877838
1001908121504638.3705669341194976
-464093391986576.14276340883321625
34782360593534.3415553344340164
-957865327147390.9884870044952101
-1051669187858140.18170685213647586
-1120858091617119.3960836434570837
32575623776546.7704242001850949
736489870891569.16246282214601737
-606983886117598.7198224780267897
123694517483716.5587110638938435
-1053680583983702.4050058863506114
-1024873862028511.9851422295389973
-479581199851068.5269305700662593
733408779615687.03792674383486572
-653393421206564.22644112912597603
-55689308802509.05321367244456743
597616068676428.9532242006357065
1118140497122427.799872491595617
-755734237412471.7133121395334642
-758787460046883.06886348738966175
-1026288511077031.8560854224756279
55611372954287.2094376727704188
-835929980805530.5990015816738766
529569853574081.7815474474996035
916666300362535.5607197225183744
250572342156014.7730060240265548
-418692317552967.2648380757031671
-798176875633068.46580493934399003
-348401522816037.2614015875435992
628933758888471.18962593700384212
-264232557864009.9172545348048744
223913972389335.023042684964000193
-439447213570087.9376022029242815
-598707311979936.0928911860908671
534030415471872.25240618007785653
-623376850959851.8343205226256877
-424621072639605.5567781544666013
75645508714792.238217275818277
-247062608141300.8683739661466857
753829075291069.07990708012824688
-674423715718374.8355943179112381
-724425668786769.736128452210052
1034415746047150.729180245841823
-286072343956855.6736871044744467
-219558064847898.15864469033455353
434157358829863.42660266554426474
-450459161728485.12005487751817456
54873637708356.30122198611279005
246468774909619.9740877381322324
969976495607787.6045742073222461
962826088253516.027379910906817906
-823620291378679.7890576133285596
-736705081663602.4402599410658662
378864274202765.4182347816981473
-125680109182630.19074153377114322
-984550026076477.682710863215708
-119524030348207.16677950908659878
-750452938394347.5116976045945191
-1010023835008700.7887347997889538
-971349608472727.3025843998383493
962203385394215.9329805379165275
-1074674162320022.7271761177460924
590631635388398.11768890256509967
-564774241217635.6328387877863921
-55224206521993.27701861786318605
810849921905219.23629648442169215
-626785496003581.30192072525140234
-516105909098124.55800379608081
743221899200761.9920056238714823
-1068009992510985.9304783519092026
-1004368561574333.4773799512495147
1112796097471339.8070882898264672
-1066793177672706.43931284496730505
-83897166804987.8527563339693361
-1067943104964295.6204521941672607
638486636563958.4967588761203625
-20525730598964.08935747993035037
-940044615794238.3003919738313028
821057499226753.741306472293009
105998976407467.2987100375754087
862865045313817.5951435915791258
1087169645836438.36220028248193714
-135063044438070.0196463601190483
787936703238958.3240584065142712
-568075519795538.613615808602927
715304954322574.3474875771124367
709575059490957.2269768453763391
140633800466423.1010512108622349
-77779058331544.9660198809807787
566017633617031.13775569444255664
1122791743921737.47201231350900075
889579282863470.10350469498558101
894810806382494.043435356964022565
-466608317253523.8665312756401837
-454366275132418.7491664814288969
436128122016941.23473037431570687
-437646088299730.8764467441776002
-428231736766960.4086508119399703
-158953847904570.6440021459289004
-1104736072549207.8698141540179188
-398966021798982.05390505563825165
-63012580902620.06374510232746111
990379668293149.22168474984580877
-705326899068776.8992422112608854
-380104313186022.21842787070072223
512822658482770.23666279712377847
24367880740873.2731493361822456
635891678420648.263853302724701
-682242172604374.46304443747007584
1041564376581479.4026333802688341
241331960559101.7190813314727253
-716520446528361.8348246116606288
565517602812610.8159593667192807
658305385013916.6086015836924038
819474488522154.9569604356550458
-544490956680588.9703530325037183
-382042409352304.6146768874645462
-176330070136813.5752054894037213
-122619336202598.4269839834164637
-1036913865560832.9752498357758332
-645707683622415.4200656481247046
140140725883299.8152489128206235
904640614916513.8445149156448434
-1001871869684019.17621562566336335
452010802119818.207830872158147
-1121676742140905.7214615918749265
-144179944180322.2280856459880607
-365369970631761.7880469136084234
446130402602361.522724981990281
-479660365124048.8481751899558666
-649856064036726.7071899116722224
660257858372511.4959251392919052
757556814056167.7230542976753243
-1004265827788136.13064390007647508
970267896474089.9905643623579676
-696185910653387.9015450907229108
1099299396919113.3881605025141619
575009190614463.8795826564862884
613340750378829.9174290173333168
-1058324685732626.3504766894407155
841155039332726.030606085212997236
-291095086581978.5553076340765329
422603826192873.7892810934882968
174624752779486.6224885136090079
-86151233245435.040852911352746046
935666876750405.29754996251081833
955913743507104.1266330175598005
-556490097044203.7135187433350495
-155859639113218.5247430516736136
339830349649058.5249537655065728
492748037706186.5104253627288301
378015474829198.6330484804334152
952686427894728.0835796935151557
-491457375744618.8225761641734636
618008731973666.3523111885645078
-972528468338360.6949470291384294
-826116094835743.682755757625104
-1099964533862785.8601293212161137
-614826284224786.12354792890977118
634138916903698.512782298567972
520760287571921.6171830204220294
-691914996249998.2672194320060025
948387393982154.5093269710514041
139402854947788.5638471103756315
-69094213445908.288073987525836
164315335399945.7910231950788669
-1041897763770072.1263077088391319
893512923125260.2700497522453197
306241996821446.04231906622212889
656310711279874.3274470502477871
642783673934622.3436826046227306
-705387704272231.3341526849622459
26098705404086.4335013940357386
-747156486735167.4427263293833621
-785665630113560.7094981877133936
1103491336102159.0524500365696321
-96698205185402.2456749417500913
90077178423545.09632078486233442
55144570881552.7723753013621956
985063924702199.11175570803505686
687423642037035.8254740807217927
-1039378123320072.9950104775204586
891041771927184.9313540900541277
634138376264069.6237710595263847
36430514703927.7551284304491366
1071822523493883.1563613902503691
412219096611534.2417887654869928
1029569915664140.7938755898636135
307367588442091.21710492487523125
482893985779099.8878802717082942
270106425439667.8181329650743314
-462411160467647.6255289533779693
-771921337911677.9168003637176416
367782689473418.16519627796721315
694012399871948.22579836374208317
318988509685923.8712372404585347
55140273778647.8509295726858278
-868921592920150.0621338049937038
1076542703793119.38362004589369736
174995416798450.7680654816018168
-351099723082692.6057263689122272
-463335857045908.5545399117028066
-660625784421517.5847032732317242
-921427568989230.8289258762415318
362727538927682.685861459920015
-753792512541833.038319096038522016
365807663514056.555891124374048
642160720433463.949076483598192
-302359497977658.8726967279196988
760427116894966.5400982427359999
55482474211266.7579643161858759
-68246997076141.8868106179974153
993110940641456.012485770113985772
-406916645034701.20416153200422282
538164327192667.7215217807190449
704436463642575.5181797193413813
-570420823784692.44164433809137404
803104666444724.20580025365941157
899014671745986.24423897925145321
1109011955303171.5532037438157383
-619286033648992.3868853345101587
-22133619225136.08901690907866433
986411265028852.9579847357225509
-43513487567257.6223688699956405
141597088560795.26309735764342945
-363423212330372.39318766991738696
-797079247815477.7449929152080281
-8188747788913.9936256474099511
-24032714636082.7639870528902435
1112281151206268.3115445956720684
448856746819038.10173655336810006
346157720697846.7847952403707694
310754149778860.7975193393931215
-124188822141755.41715230975565765
-923161017886943.8697590277536127
391701839720026.18745978633572313
-916255167510485.012737803108168966
640155511765033.6382545642479558
-1000934813199237.04762947659864469
-1109025444915795.7043868834365611
-770498623886914.4831915341973525
-1104655978486627.4937158832334545
452858502774661.6686977765120297
-367693924148116.5408064239474214
-896957765909623.5486718010693096
551160620179379.5725910206901765
453444077556130.19951326026464145
888144105575963.5724709630301942
-1104884116661867.8899284843158797
-717583399352517.0794729223382259
-838672316068341.09339566846564051
203445207451926.4942113117328796
1109941724356734.028262282611261957
-1070800973033571.6241142742125615
731628380662911.06944609773365629
336468532923565.4759790001798544
-287614423962288.3890531056029405
1007204996326963.8209219817648412
1100255739033866.9978115980558686
1073579128003495.4575667279137706
473418713052823.3170558593679357
719166419101333.07737450772428978
-1050615092033594.20810134892715082
634640717811274.5827742583081768
-84356368711870.05148349344434977
203286492582855.21233306440464828
-953040441243178.5641516544459497
566742181669867.028795236261436097
-167172391203011.40416447596815663
-2192436175912.05702053398272344
598511965011636.5930363535189292
-157163006846281.3744696251488292
513295030917966.526772107448631
792429731457697.4164258053231098
462587320363619.15969403645039315
-177312917473745.47603361923541465
-613057997203124.9009329491074307
873284289739663.8131076109970521
-158611503021878.1644660694153227
221802325935079.4982495098702735
1104069484280472.43723572006700984
862418095960589.9303076675563227
-704715970134233.9408464022910444
-573427420089674.7094048820238753
-1006451947905669.731571556515089
-57682536338291.03304811728383239
857924230845896.1543616882334995
841372558702400.6749438943180768
-338797138350121.020387186671572022
300449810817437.6103505415864838
835413644581939.8102867350158716
-428926911732684.25893536316200083
941249351125985.389467681864173
-549996317824578.2219103394064328
-450344829995427.9541894912043587
-798294326438731.3421864734651031
462666398839534.560281255129056
748606193962322.277401058982755
912402184714979.610176219406943
826967506799264.9366942401404034
-493263893320814.03161907061678304
-637461203496972.49667206132060815
-552023699879802.2445913617200921
-552437565376086.17525643984498218
-64313905060491.5136707881794754
740407078886226.5536311391221475
242049935090075.9368808830037905
-956754583450187.9934709018550993
-904773423096334.8976599880729632
176434337622731.2285649330863554
-473637153293907.3470538893822336
-150664409233816.4057014328930303
221407753616153.8896613175416793
-792415160521818.46878056695931003
-234447017700272.3294515661147257
458264534783793.927474134992543
-449943507748274.8533240390826483
-478332276766845.09659904884578707
-738572344686979.4593821568639619
-213177872817076.007079962929462225
-95223953681133.8382046609268061
-350012352557502.3989589467583041
-527618560362936.514098965193604
23222807053035.7657251254458798
-1101909737884768.628990387177754
-412883203320097.9561376536568135
-581962561664022.8991122568636473
712061605565774.6702670053225958
-190639910264539.09951206420414316
-595362520029362.7515147408579788
-463797628350128.39861808457307624
-833391173372654.8066972830011333
-969483196322022.6030247035214109
-156099943200765.42820287547744995
-797250520623676.9430251420731268
-320998076729368.2762864410341642
-574038226119728.319512959451114
616630728752581.42243426430586584
-636811663553947.25192197656144033
-41082586057196.10141438488408971
-978655796542862.34320326698486703
1159908210424.48685276511594444
-1061999240355251.7947368793627341
596858806629864.1459587434806956
729092079067273.25275186084986623
891219193064283.007792447246016687
-848396516834677.3539340594519763
691391144336402.7145787789218074
-510292750840219.3580905577849889
643446870952796.3732877226159901
677758769148864.08781775019078142
-940843799737314.7635644976146565
925370913068987.7415341934755546
317909889195724.8573106246391754
-386632229082218.4103414048997972
554976595009533.6138593174412308
931920550979195.11223095987138254
684893329580889.6532696226610883
-890068788071826.8985267809368037
-714808093611619.18038681971732495
173950692813717.014984759470854758
642317442426577.9800525144505206
-918486792801564.11998438081911211
738582352108295.21433615320089516
-981535988148609.30950107439935914
-288587546117697.09608003353406058
-654132419986087.6861859543747659
10802835779036.07369750829203048
-612877767912849.16086020062696482
-782209835611892.3977907996646667
-1100037039370916.5131449675642743
-375206734363949.22656361833650962
-489208680167730.8072381211803634
683749668520733.6820207792378115
-970220395931868.965860832286229
51066366933647.2059974884402236
-501900382267448.5562576712660275
-960254522879798.39863742340517605
260837143363313.5114037355637476
-676200893594954.09182907704221666
260712546027967.16516465200850738
-573143836153762.3866727323355248
143499141767050.6089535019937575
-307007245714668.9152217951808934
-762399346220970.9349576790962827
-935648149408958.8764900177113673
555765234960445.2600311297285707
219193895640847.09488758869567071
483224545507972.3446460093259528
526619482924489.09488319441489179
-547549437999044.7479244621839308
-960825636416550.33785187691751317
-756230411896305.9374052340531324
1010978900469792.9597675381461734
677716104357175.011207298786653275
258203595475079.777506722456552
-662960766906960.2500942484576191
-183967848852826.7614149046950217
-498829618794648.45172422126479406
-1000542846131981.5255931875052549
494658765877028.029763597065116443
-322965261605134.4787990228481289
823240991455996.7015124321263803
-1000031438424869.04034403461102043
-156190011915070.8666948763141953
-1025043974922915.5178573867150775
523589469447006.7519809634194164
457300333360698.4095442383043505
847532378438119.22552837255535318
-414566684142629.5609823494810322
283824028688000.8933427677189529
-802720238966511.36891207605528464
107986650631246.5081005840973408
-23329852914394.8388506328278846
-100632307067222.8798961157585307
917123642135835.8819985805679466
-987161860436963.7610514611835374
-26203988710532.6787534372819866
-964358470078907.8320084421451234
1046382757625189.6817231671665772
-1117319093801487.5290081861554327
-721360167232849.4400176638839892
771709969679483.06076613070857395
634883416017658.662053435970992
-276491958633756.8375802137741064
549946258593827.7195760301342836
402976877576086.8712882449538113
-528417522969528.19703555996592748
-158651878270828.7971008647407484
1020070790451901.9778533756273706
362150939412450.16162378166480718
392806832790498.8424970751331475
697784901787951.7476182631775369
864659069907756.9835890667315579
535964796756099.8931264619701246
-704921225142430.4823883732231139
-297646184586622.6038093283577791
-482341936738592.16466188034700802
-593657909592421.7295090950882743
-1036202753568107.02997879750742516
-647730907572871.5068133308746395
-688904045257583.5382228182069426
92112280309675.8726189938545195
-762153971145003.45001891657822424
-155338235246544.6279360569215723
-689170561320335.19782323663167067
-1121700377052401.9352445780781492
-66041656643102.34718414634970873
547313377997443.5482586935260028
746451852806286.6108967803708338
-862534025103410.5069371305756181
-50926894483202.4388348647790231
55311023844385.903075938423448
-75585685487517.5858184426977802
-578772046782666.08932992771137116
961386246146169.6779253254776069
-538606193335112.37574099582176046
-240310567458538.9269467409688644
799791927504656.028056825830898857
-1080771334736342.9743343115287795
661989432054847.4765929911046658
667040454523599.8984300101634894
-167633005537444.7777939116335112
618631421396955.7181060952426598
-736831553404210.7559414662551626
548609048783709.08233179583263994
531386204302763.5564276332611743
-591115121612111.10578688287431037
-75835348573946.10020627850491493
-351565107614787.9680022673499474
-824309968127368.2742169367694681
-163054442482374.6177988486813032
847748938161691.7213386554038489
-199018954317559.09527905523906621
-791425067309957.3661509425299403
-320715303852054.876348412282451
-888210628158055.7725413597965086
564197052471987.6522071842282819
652660466369128.7392026050905021
-694209151632888.6805678298334619
273450098584906.11610585154594544
-904031127753450.8982162103586906
-19729722565519.396834998365739
843474682041608.655444266933856
-1067336307475497.021835565308928162
469563846926863.37070830735263605
-741307719764845.3947400027974496
161467154421072.044043713943568874
340149226065488.06382265600690629
177221924894295.32963934590609323
-792808279315380.697350925294458
927691302903161.4204836451531955
-420167378709556.5347185883228285
808907818787652.3330450501166178
918271207100736.17744603122113844
154724472868241.836713734213264
-88724887455042.9374954492302159
-502684331082299.9019406637885291
-778300244340434.46111350617369506
333715185104067.7593181519991214
119246337562954.7123917683837359
455990962653231.5180043076591875
676513444265989.06098940051347701
620195946704917.5423332214852837
-160302630714436.20151758318984292
-831711100037937.7564835445307265
1101214356365373.6772195819112466
719603950424133.4495246668949662
-327694709389855.6195070871536817
547855226502072.9628380171000395
444988743872389.523638324281458
53364371365792.9050766738434021
-4130986440308.40630206280626935
-650369247966591.6762411332624706
-937252654228731.8490954481674268
769998987001177.7681513318092484
1106753697034714.8758934129373844
-978132920151971.5179226565691205
-98158757681283.5431355837619782
-492828324525971.41757198376020677
183548687684153.44891065639497374
-494746449741000.8625181331502584
770772577865760.40725902136005554
146828051459547.3116281938776645
913186622064436.789929164712051
463690337446099.6216032917620417
-1101877232477460.8811646191731427
196696936772880.490451550169711
513203050109519.7132714832765212
208522517585976.5169167502383338
1025325787067432.9577403145214498
-976977271962853.32753492295198283
-946557727572780.3290729713214029
-325913899446820.8090746605718938
-181821981296878.9007321205341501
313512686341317.9327579354373134
1083207209853956.3278585145890963
-208063299107448.3832671702413665
-758085803242311.22217191606054076
462617073599498.7656016721694532
-346394603161434.30003167987651813
1054013293418486.2314041970217483
-703120010276081.884707902336708
946675216575334.8562057305703449
542520264473235.9151808846642141
298779978774298.6639711588700522
156015478452384.29579016601990415
-530905045102535.6093145596474947
-889163753817402.15744255153499664
-336309035084013.9372931560584616
-560548381281148.9679033434033778
401925536442957.032776664882824824
490063152442079.5750358699982094
-414503872512903.6462005537852928
499393351658075.5994542427365753
-812834697034993.9229976903668318
-127414050172063.34426475915620136
-1084551501768789.48940859068423526
121535515678295.45888823862683814
550397185024640.06683973261931098
747503382052973.7579789943004288
-797082814301102.345888863504323
1092312520640484.06995676075519941
-385094063342367.5018289775988132
-522124536793462.49271082722522697
539453111472482.806618087469274
326167236264859.3449956045865836
1052657175243294.7787030065668346
1065361643395047.06932791929072168
407817006925279.24479487143933143
700471543898455.236387748503588
-1066362891193861.7158227459135199
-1053003249171466.9193122947139544
278490527418437.009019843949359951
-1077603633712858.3958564221600843
-79483109315437.10177912331582173
-468085097862209.18371692108643622
-788603873699881.2655005869767686
-335887054717871.24445408265541624
-156589158473684.1351094199483457
-157308020268743.21024413628945782
999782086088896.5636466256103052
-156524510953860.41366522039962494
-125094764469407.769179440379961
-182306228164063.12160827283278897
-28686078145574.5549455910046417
-635373728419790.14764831301340864
-460193809892249.22619513605217956
53542030343348.7092950190414475
762388864860995.37249509904880596
-418603311418910.5618637003166383
892862119533501.5598072624320002
-199772360692416.3575572833414423
41137342795543.11311339333137471
393035098460363.2765305551228032
-617063682472801.7610106073308783
-274110490994317.6147078714946647
1078323077927987.5593664547206508
1079741076899120.04335796221979171
399445251379056.9579008755600005
-206119110193209.5569425425899964
-893084819161016.41701687609770655
498573831285499.21978737735510012
-930596677515812.19738308654587977
864897488939944.9202497695751961
-1045933063604698.38021157397139693
476680626836044.37769785810719536
222514692643393.2163440756557602
-860680017467206.6709316759612467
895423555301827.5813953283656289
-938046232738422.5464879098345397
-559082255822691.012457869363653673
-574452385638115.28195534803408595
594869240164133.9048581823287193
-379307069828914.7841852474494314
695701043998079.9352709418294496
173477403005246.6643785472340443
-61523524424831.635135116611989
-454819426057446.008116162110833658
-1091750320175791.28965200172232375
-658694471700592.6879459112675499
-127419212495314.3437533763798607
378534248787208.1812280591074048
-226365372719193.23135503560617043
821815632906813.07084686392548178
-680749991603644.38853897821659
-659385093827078.8251938095371808
56652750937896.5659044239746508
98518167056842.5798655227621544
-705467608791547.530570070241691
-48304605038533.645907793234506
-555353977761283.16095714474162748
-38215109219413.07152911045786337
660101733198895.6131916711658767
-457891263547329.8267632381337242
-62109666602749.98477590422309
-1008409861131597.8413338096685833
-180748812353892.4602204569387224
598906763486199.7877849041728743
-471777207762945.46592188703334025
-890103844933555.005133137259536236
59900697465618.557529862819427
-482632474220565.773439839729287
-252180441979652.6504159669209137
-1085983066985296.563910538692514
482878923795855.22895244298531658
723822147815076.9219451448542103
-88372773655544.5901344705039613
343579167045306.0510883382774332
-639249752468777.6657282799588401
62826643816770.0628528336327806
-460639016783560.25258331144204227
775011739860587.5835393413928819
781547867012307.25768938782591033
-689478338427319.7000665649642356
-993270155415146.14623912521164295
-1029353148714407.9006387183488539
763158067393866.7114303227924627
-259808748697375.8107085967362585
361298805239769.16563055320956632
66459208001244.9902790147196083
-618047052993918.929507054282293
-543975570284907.09236830763673787
-83403273591900.9071571493489079
-209662958229194.3251318692664499
630082375854301.11170184373734837
-868133641325151.325753989994519
335286679729676.40358511225835814
-1013726001197376.3024287693585629
389017986447527.2004519769741182
-477146268031791.9824829754731621
-659891379264369.21153527771772163
60877246579245.24839247030551526
512743559651927.24836958158720956
243524955537870.2956529927926601
484517319475411.7167262095598365
921070155658275.7301834877763141
-384187470143945.7094174727295901
530116154056488.3842649756372054
728740517306020.1106863151808486
721377023451550.24408509019816715
235203062452073.02417679009373197
183031758423650.6203298851715303
-862374234355896.5890452069902572
1057648956034149.5409550822909435
-585480101298003.475336458057389
490967454718015.8995036163730132
-90530511896054.20188734050953228
-905048295100583.051133415705253094
527928596232622.2682872962148456
-590860080066355.05272766448955257
-715793254669005.6751618809343635
1111690045786986.3546286417071808
646600208221095.9970623159204899
1019317210831640.7328096419252459
301683879795161.24065705469732013
-797260832536465.8945459978146686
-1114129074411388.6867754330301067
-448538157451132.23668536580472577
-308853084712212.6186587558507464
846835546628582.8364211093364119
-952146413062010.17768600236185683
-939567411833877.5866118102898527
-443635581938327.5715186356366417
137449986116769.9842853513596621
-1035965626147392.4120540856073941
-188767050103672.4920061015510697
714752808685959.9378195258837185
394240706634043.5848928213871862
1124816477846704.1700710195469144
-767012839359536.8126776123732384
827129142177862.2789770980099563
-366991592802322.06487865855692954
-568543835070661.8086191052109142
40328954109341.9186406336552304
414900603393269.9183749115583585
808664985411848.10132367074409132
635788598806255.5568486463587327
480366371882837.04645795609596126
-6220963156840.17606229713040467
651743236565464.9710867514107668
886535694435348.5299239637566006
-648277901794931.1915858750724565
1038751106479535.9566133445500992
1057995885549235.6883496410337431
1094741057642246.1556728090291607
557313844897779.07530662135447397
694270938978059.5044821591105951
-724821886540174.23645968095062242
336901103669656.8264420859713986
-840344377974525.6160208750824295
574619014904787.9824683713207145
-191860903100701.2442550562681195
1115614584479317.760550472827979
-707391850761582.2377446771420132
-519438926918268.7592524777614055
-1017300714865991.054211156875393685
-1034164402931683.7463291498282116
39472722088245.5687589335040674
959665319014091.4801340273851622
513800415080742.5008443989631576
-630726884770672.47318802578353336
302824619814545.9406034315267375
8493943288769.14292835641990864
-143018168010632.7965054051141334
-1086081928717114.45820512428778915
1096612138423768.8940660736166192
-51340533945791.5804731971469658
-938700813333315.3428376491207554
-674141690917742.5931985076947461
-1122415239096567.6168440173037614
-522404825222005.5549971000048942
766032432140888.09626080023167805
-924926826387032.10461112658084448
-8394711647647.5053095388475952
-223155086472413.16568932798467928
-94608432166086.01779436347843788
903232108596861.8487858569342758
721582994341172.3275311904300632
381426392619305.3330317314777429
-449941946080587.9929904622937318
-1049823441921020.8383090377230533
-582279493918707.33443304639943816
-704325228942854.8517945848554147
728979799465900.9396944084709863
820414852676319.6531520263001288
913283337442301.5908131390122675
462577800682564.3162742538689497
795693943294400.9304736521192679
994898837311882.35983498610076436
806227197426823.6387015519804174
-718443322720904.5620308540170653
356049001977397.4301231669616308
931381218343283.09245263016645755
-972807394185472.7330223002474865
678613550499300.18155378961518676
-161927383607405.1386109459725634
-663471567586528.37470090559572633
452902847922036.2345012402076011
1068728885212155.8889916240924202
-289771838841768.17513784403383148
-434896840635688.40588337494961335
324049257435912.44112748728154394
-831541254156684.7500190437789037
-719379657717487.07401311068621241
824266202924106.5451406003501257
260706777295732.6937179367231704
656632525489723.7620673837120386
-1076667997803133.03383058314665843
-128138635099582.4294301333191909
427503886719866.4411030134668692
111106643321204.138435073167407
-147500646247208.6092552245839584
-1101627535498782.011492398810998505
-103199068065282.738208932113199
-685493989927321.9233878683487202
-103238929310285.5221543799493349
81822064284389.37256795261829845
712451930287781.1828436153204468
291239685043808.4360150713890427
-501342494795834.19159579751163647
265507284181024.534088416277099
903774555390283.4409630497661615
-843209933586699.2579253982819122
1051669981521991.00712703804776893
-298203608438533.9707767687074964
-527766256027681.1677790288951786
-277280544129154.24276666252090084
-744060386338771.15556599069917953
509457398249264.873495038473556
200674237537938.5531201998123726
119816750062542.2262724576081716
-831657049440833.5205522846344922
963575833597387.15717670398807682
-627537833730921.4180274419082082
453609137208749.717713334590876
417551087723892.6330410936815013
969733752693012.6694655985670828
-600998964259773.11299279671979356
42163530506682.24357168117532946
708545837316212.03953016017875621
1065484425383898.8547605211008205
-852373140836569.7825371705551402
-1093685142432036.06258315165144457
49881243002654.05828767107756494
-579246171763539.4851713864423224
-809292059437998.06211455436403146
-82027645407424.8672470838108955
-187646520448387.915201597929555
691392822327428.11549972281838528
-1014800583425897.2240188488456718
699980373682431.3989747273536739
467715943148938.8176176921917014
-726144596688607.9949368242724691
-91193840768638.034503026853891505
-834605072770243.6186548181062157
394420480759451.10005831121259245
-146220092814369.9458618151448174
403545079359498.8348484562974685
-744034732990294.45669722078513764
260242610464459.6823323943258424
-708876715202318.12079537827630837
-451056296520560.09420681305810485
156023159512083.4202814950677606
599564824214295.9770552466861472
968908877901334.9652102880053121
-458374089440314.6970328752784302
-921504940330410.5329963225350399
67167216466127.5125589878882814
816592316524060.9040035077686851
523212900966418.1700903147923225
1097681564618723.12039465212877898
-905309129844518.6199632759754109
32730660692591.30480925669999415
81838961622966.9481150782228639
-618177360961602.4841260672382729
-540908176023847.5096792146123424
-430796350725648.3819557798658644
-707540924638510.7402608391982393
679474509610100.10701375070747843
-1047441256486632.2961074056708155
476163227426711.8458375049636887
140209677574532.7292565812603579
-826336281891557.3812351090138021
115223434839698.10606762153937055
797691262410785.7541815672696074
335148104644681.7666146079503695
966226662019400.7608548664470807
27517139062267.529577384177663
-124697060094447.6545749670422994
645648828040269.1146005464547124
-436913874026648.07364617919164873
800907964776195.9552779929942377
835110981985652.5480706343033331
173498093317152.09783606723389715
1068921357334711.38357329409248064
980388454906358.1865548361620254
196824135194881.6703162574016506
-703854070034515.17486200348612657
260300250902011.08242552078944465
373516854328914.8438695720236232
343185203682836.33068986083943863
-452011442589886.006282949883227529
-824666330306042.7957954843830022
-167978739484714.26973124928558545
663313468456222.9379655480868017
398358193278349.2713405340988515
