10 87235358365782368746324 + 2334126423546324324
2 1010101011110111 - 1000011101001010101001
10 299348364873482 * 2356481523846123
10 9743416847382382476324237 / 3284723
16 85AF + 90BC
10 891374238432 & 2347623746234
2 1000101010101 | 100101010011101
10 1297384723 ^ 237847237423
10 5678 >> 2
16 ABCD << 3
2 10010101010010101 ror 3
10 8734837483 rol 4
2 ~ 100001000010101010100101
2 1010001001010101 > 100101001010010101010011
10 2387423483542364872346872 < 237423648723548723462
10 29348234823473264234 >= 28734617283464378132
16 3662ABC723 <= 723DEFB312
2 1010010101001 == 1010100101010101
16 ABD843 != 3727A87
2 10 101001010101010100101001011
2 16 101001010101010100101001011
10 2 2347326348273982372342342
10 16 29387483765387476538374658347
16 2 87347346AB8374EF87
16 10 283ABC8938D
10 1333333 << 2
10 -12321324112312312323123 << 2
10 89898989899999 >> 8
10 -930293029321 >> 10
10 ~ 213322132342312312
10 892938231 / -1203934
2 10100000100101010101 << 3
2 100101000000000 >> 4
2 1010001010010 ror 5
2 1000000010100010010010100101 rol 8
10 73732727327 / 123
10 3839423223 * 123
2 10000000000001111111111111111 + 111111001001001001010
2 1000000101011111111111000000000000 - 1001001000100100101001
2 1001001001010001001 * 100000000
2 1000000000101010 / 1000000000000000
2 100100101010 < 10010100100101
2 1000000000101010 > 1000000000000000
2 1000000000101010 != 1000000000000000
10 12918928392389 == 918329823912
10 50505 == 50505
10 4030231 >= 9389183120
