127005107559395468137988134476157237318
-89858102964451459337578007836543883280
-30514721203493602125004622405093837330
-28887291794414830259131969851533333011
-103781662195110183855797131413223012723
-116178880586425832833246739182210890802
-43849271084455280379567268602580708414
154125630185855412789404021593292223022
136761963968543512864383808145808147521
168303997597213664621706517866284633624
155053056821288749280089536396420160178
-59574149602260344099467919443345726831
132469631617540431288259023684179777041
74748171172082633222898009968534797678
151942568958734281789173899614675553505
127205824626489641954802320943986271378
63125319069346342285255728946375744459
49409151629628343813561625615885946207
163792504155654005851360066189058827308
51827464665490337495772806409858539134
-167640400962607741955249594458070597381
-110962120777161102337069127761466560281
136302677560810398154605784929136703438
-9102947627764766868348480611609940508
156287963305030016310715198177017708826
-68829130173766544085096014864953543014
6766428981241042546563254971076864585
-27039561016071512838926828682871751754
74701007202933160220144819560696305692
-98666361843071205738334845551919694083
21977465878848809399232098732276179384
13045477611816861688937787368117157951
144488319969738483707117589092729181242
16518197400700075081837297861666889652
-89570228807699637327866591664008297205
-15124104744740991073167618257252264406
-152228566896579343704302848181551998659
-15278605461392715200378051356008304642
-123287159552465835562748252027410483923
48178717024173725376914930028616812577
161819262483687552581847114155530339895
-82639276896995483389855307234934100668
-17006131134049479599195682058912469960
15747601446979656507012348725987510621
-634849433215522057961189214409026249
-158332351074816664096165207114943757126
105223169438105050101578500351950921423
159262062042424137805231275633778989361
-133615280108009825191447946614392135991
-6191875290915942666227584136071441267
-13338402134224364426936924422177848852
116920132893011695055183479813799705462
115704146203753110925966008118372680173
-36403395568689782548334377475410217596
27312797289495189273789931585684043860
108998191888321177846918835625457268453
-18862169074307256724146937192023800507
20597351111499031193597151042433483002
-150889552208099487297928223946867399082
-106541048393996511485569967523551249335
-137426150902654311495795174875575843301
-25974910728171200778128633971713528787
-105281275044678628918599044974652447274
14136211269587351100123311322634697662
132426223609483113553674684040771212531
122039555915506172368615580700673292008
-95215281069199331468904475166206788573
85084316269657518322026171360934517050
30334396905785486966060527164618319074
-151947573921466346353486343930897202391
-63814319301415127201287755781896760949
-89897430235935993672132581689008955434
128382083649291149824574397625380085676
103969143096214227333222313410469197821
133416224516314401387326287407670519712
-8247877515869408071969558745495091563
-118550026024562474253567759036833719938
49565818215066532596723828280542260186
65939822815052046436603543150317025831
-139201786261777835464427378253690032541
73592667912321140110393584687201532868
-119616979291051567449888700568845437634
-80144031842191943963831292668966815022
-74440195647661296908188694740959587132
135039276562294426833135480324504856577
-91990720754056227094906685411056708401
10539544250776979989013733473956069551
-81796360449010507515330044151794736219
37544106717015352509074184883509314849
-126056285593215088519648851627561812270
-158639593337862948796991690657550515336
72637964414266958466467190175955108847
-52928661457964489683963532553741565376
-24495020774152999775421917955788289039
103865990518476556799382521989565919154
99294588723698420433325568952937696632
-157153329710585157633578433223939334221
55954708583098657988458744155336584868
25153795816874496732124681544119621774
-140334816764983975632698666649395302724
44550265465338898035636247848431201973
84812712726337033423777958258772846873
-129399666272745307054805139853079378023
-109798824159512945947331322020676496228
2972109601559505890415188894178663248
-107182528873146882634747093440273157311
109437495561512938367567803331745311443
90449998010753762067968739995452324531
-48673480542706028903100843135617553873
-83047318981411210038944367929649136059
114172436325227804204971491779773753020
-79268730422644287944731228666786884228
-49439001478794640865038213298985074459
-57410930181818313070018630132339608073
-114130146470569700883998183334842158867
-77816515132726460593758755362268306141
-155607026385696888368028272245882325643
-124487107094072415389000999093578180900
-78801936032322407876340126280269592305
156475372294925864915643486127136863643
-122892543161731800447868061542559061176
-51910312741427625931878053382047175475
89576210593175867018234773830724040121
-8021573806862486562525071164342777591
-8543032245034229746484117338096897582
-129791648443036788191036890104719479034
130094934421060629917414625356751078767
144680694237368269846225245595814516926
143550839217108133957658751294286076829
-55579617023935375122176256498488859619
103045786768773116507022145996063025555
110465665741099421301969843010851561041
24049167464255939740703863410638814050
27115503819030828589072355322422485914
-51262486156498472977650724986039350170
-82627293004910696802831008460917753488
1266944428004045662504997074239760562
-102002130004684500773747938529643981671
-19694054947143009094052770304433863788
-101065603443081958669606648668749275748
146384917089715896014229310170059496270
69743016326556076031465314211256283744
-80978669125839716167135403496199787452
-1431807850938453549848395209556793325
-98859993288790606690500683917985768654
21856947534296082263701756591211974502
-137825354880966236509021368432724032436
97842391151339839327729511659440818839
143366815362701888966818063847453536073
75612256128493116602394111185195022541
-7732752224836561355918025274907727791
74770168382684268225550849024502955648
106644329102056313016942958437249756193
-158340594838232230278392336550930942687
-139658743632086671718344176180035688693
-136006307789799722007518181866581941099
-136644070616108569735117811503477227854
-43887726672728693555716012456414095206
-153216705249735663588653678746875159625
108124324977131851916940847685121569321
-119441169206944772072563632430833141036
-8381434760685576759281402181522758334
5321905991857299360095502440393193903
96521460531700121998151172740257961924
-168468325787568795514632193721630051532
-91678835903609325363076578355375767220
-110682636064383760958052370303173366677
30980551534889145892634591662242270200
-143999398088317620477828030955611992164
-133871718931013482579251121274381686834
-27573253363614497354262452294640747775
109942308032304249902759689559834151722
124498657612307113101254964931910501105
-73464060075843772894779583444342071321
108010017197180372813563444296012772531
8637760407848007776594244128741982154
-87229142837440412940603059649267646462
32680436626285248677968842959822376222
78756664236910761990542753094740776114
65508459464859196261563965737768387422
-14571495569453610925454603876843187632
43803240553760395622740918152639948451
115621334249797073451419015845732746186
-51961071823729133375669106477065938404
56768652169430635227663191175488072771
-67460586591748503043168432698586547131
-157461690694833600691274122986805354538
-95369174040520362862251090056715511111
-101730581049075667091402067055331712596
-2377198064332861475658963276806210051
137126216486268400795269501737300777461
-13398002662190325034858927526878919081
-135442524718070741609081172611534311372
-94331855737556200466496926964565288430
28561996684660566168694578510102997488
-37768158219489709278992078865222587735
-102956780064208205079959608532133370693
42180759659441758306485445297189402464
-167186502792930973902732357026676438377
-159372741327759479071312530077301542530
152754191572474260454267424984344090146
151973157757063510682091763949944560965
-89333549167336683824835570217135269789
10371583231997439804010757180315620971
-109332924763783986916310894696175298450
-162998021519935525995877211392575634932
159429840248633819839396718790172379029
29742548041085940972152666755326279175
-55934185625566317703722661554066332194
-29450026607777121743112807918222029202
-139711036769477415840321832126352118351
-156493546035535268527970042896303391621
-61052936348537005164899140902749914099
-50532313562503028004546218111237405329
-75334303628349170177836283590104356929
-48426901876770775633660130466199872486
90295051785947558101172343331752661610
20336467973253004034823193340688167166
-10434940177563938740253003409670639126
117017980785217766167107106726951565978
-10654313776694394422164240803587979049
-168256373601521205110126006193685611800
4989721240791579473236041882522040720
-12886141049750434835692113204209017786
143887468467297033680844901915310555138
-11100296360852015372336004970854516261
-57636904804542529538796967765558500193
-128578341313614592241955052882425615920
-162126419524814044272855151888275779655
106586080563886023116876846850291031713
-54105080674933888236556836378097763582
-10384307754578570415820502630109409154
-165987566009751501034615658751958514894
98141551828588904881115517059174615340
-25226972456932923727558122886762021232
-140109419243802703158870164553062363905
125922829618899767015718661065778759342
81862225262095271215739654403095337475
-66142586069420491650923372066294688055
-6378188509018218352356939526421798085
87418208299567042533047052006577924684
-88264417436460424923387347145918485811
57974421161301043898746464780669766858
39472468729069614841792451254792461607
47718858169986776555118125308827980650
96027489831197389393977300598689679388
155380101231655132746654475873844291933
-24667146737211892386674089480233219487
-103348539912578595300924842404551920881
-102184539193335012065012283577284646015
-142563013532648370597082281026759364073
147239367223478809708079696700625402868
123485964561840908650272229107530071976
-128752636729340240574168646080488851397
-107791024511124936852322731935046742980
75108583136650253630820688330449180044
-58165548534038705687228470786310682630
117253900118263731458229537324281354522
133797283811222153408601227687100084108
76974581980632711741820386559841872884
17948189305883139535811477453789291395
124658869672131475791478113872583281699
42513988017698652564182911519119733016
-143496998511453193835260924394961020649
-132774890231180112930764909369532680983
144192342970224675569210977552754971313
58271749610394563961079760122092972571
-169713437182967949164342553475789662727
-64794874194117682227475524940617336004
-110065602736137309558912046241031011471
49868762697965674730706817805519946584
-37418467279533897317114491057652881722
-117671411994791026870894409491560407549
159001946461017694865494074593879803069
-77169555033641459573630575616419600991
125739172512941645840027973549350806617
41461853557389912842071045129263703977
-164594450053686025937711625561275050062
97201441461953788987644642859102787997
-39582827146721348220433857153091321649
-129690571435516221464550243922300954021
-141569430536527059462082942138482870876
-61152806052239283334201663629299469691
-59343828144258347543895262889629796144
98642252036938911288986896640603812980
119972293302475278808055264878550719641
-112531393112473701673023024663324784805
167289492718425451300398947408825849232
114271645001021057595594789857528672124
-167473776224129458997188976112771161515
40501713624619938387989568539939856228
-105090523150302120507267527157898840406
67808834904223615161659028084932737594
-76307569706362397383895438430698781851
-48395862246308054394729827981560566771
-166550234956851460351982108320388152555
-62307821779397077063212212335877862665
-49637997167082383220988214256241840093
-84076935421938501909608124195519598921
93424050741586878710726834861883790265
94223064313592391795048707372070622564
-17014278821538596570097982097735799957
-93661952745072074388355596982435245430
-19825619165818475333834476529055994816
-48493592404863084934531986380058541977
-96132202950913851786616781711136231535
77171796829482853173741117826393577300
83696054823687125982015490981799162727
93510620410675008100633478304841078113
-88819507916261984377822758081224649364
-129964267873353830529766279027114220484
26975430011373417683931454029125614864
-76891924022596961409253534096738265650
-4326773563835469219770138067024295754
132518888563050053539044364374795623101
130802274380027923210768615501919495739
29206515308649886711584182057615783704
-63778426792506439188462599495142698365
-20969399467768880473849810716509727481
164235043721636836294089909065741613719
-157463265325239082832614691960170033165
-147800321549257957698165599716580675217
-69792513327526755014211171509523502518
118843839380221657484111300701616930008
146790574308200540941122208164413858588
-126334844098487239541708057334310647177
82554068061518064524682245506296630944
-72987761387385738321932179630418834825
9626594817957473663130996279871803103
98874454577780114683474052621728677499
-137256181067280799426406294143390881105
-157851263137952149927335399160417520289
-41249728885841083076923353485790329309
135744244252283665112287680327012944460
162624475460505871733043266499089985915
-34691238563207555171193124664957529703
-165021220750798466644040163320239331375
136608546812458359462607255063273907735
-48543009238479353936545758380103911510
46913486185241416720557769690924408774
76927745291434815121942260106114411817
-112478760416687275559396286289087923656
-134623087660533733881257038852335827411
74450386804778560704577719196106421034
26221521170462426587623145127270776353
123655940884087946338186040390580262109
144351123662176681712802284337362822507
-159115075067817768796258930904874859628
108614987074422209548420783781285271237
-137922238630168180682291365991242564060
-49268166576108382016767006458284912217
-49474435686517217162411825198817382958
-157845815988617855372525535458421227871
-40314238230300953056660128159347411201
-76774687704539111831568892814547619232
-40306947637718175094292228743141177925
-147434509037723888131867224156926697146
76020419121566134320057721742397514782
-101213409916688230427616682114948708459
5453172284532693308261636572973389137
-145981239111483394787972247918071061629
51306326473772169236915379658911903962
-61993535339304239283651609712835885038
-154811670564246631010987586257119121466
11948352607384347601110491177167404404
151330457097379648276062407275193812954
154560610893769181314665753038861758987
-47686467419928079684216150055620401389
-104457163602560290923525761773113537405
-118452339987464315714955386076210792974
-140246668462524066372868764486808386441
44204981744245843067444004177975138196
-79009392007056075548890115245541132143
100656237708933323711355127221327610439
57321375695567343704138068296780115611
50918529211783635695701400354832626101
-150042798923898690080501256336265845206
-112030934820355300891089362902535152717
-91545564685002577745276380025873636233
146469943560386211072071701547268409709
124545959404121369100709298779111286191
161033045457228986703620288344912084271
75367691656277191946662839556878476816
12161452270405179478314763830298539948
134457651755460205031685492326032891421
161875360510819980838101922734959793991
109184031209039998440289989313654937077
-105285588307478651265603381887232709941
110268841210711517055899195632238300011
147708054647341476626047316827363745274
-127177630607348975923094725226693703541
411766050746284640010259230188240969
48554255809103229977725345504979721053
-158505914795028108703282556877966712147
-63313739963655315547120190136342458464
-114390479586013151070360409624332972628
130400934328281889556128124599346875331
-24365555262680302584709731118131338530
115795261322418269555867351180520124776
-102328569552072275732418568513331945400
21057529190257948856869174973078125180
90062384589097063303416328906344048957
-103547313311923475296765306279767109183
-59682699256329986980620186408547270975
14541800968092881510689320272751766254
-69808553825059487610747724666544172073
-104196534781446526948453314571969646619
-48469385808161030387790867155714066360
-95615674690523222210970773160285767063
104757563124031701072703490097877438303
139410475923554367538619527779103809801
6875620871128179139010397192307068088
66730798790861802823000783946628034615
-159292571946451600478798277056705725700
102677250196646735489233149496663640437
-86881602994906010905060242524561905493
154713859805942768437962857427615499974
-146159892136631104047263818966182732146
122335389042989854874180327589949906615
168279915482928250980889317429978740328
-124351959095214870020199456454180472586
-107193251823228520398090564254207964495
131075604099792334554658371051811088627
129436320872083023712879731528961292062
-41744077183121452946033613305529664526
585195849172462392062372382946882831
99904579558312914778871703600939626006
-120214033406338644002771771945438453781
30053860420839942103554545877876795533
-87072352177562301708755515466315198949
31335458203819490278072916393756355837
84491602297428324182720500000704219543
-167078570452303725567449279996794295960
-42014741180566469565375517756037609771
-29690925896447290160930658567920859011
167374645077137337482296225725487301178
60058445515309953872395910870961652955
-140833351487602737000625662848661774354
33605969685620180236041185177126307152
-53265801162923104885237432520315555820
-102838754814783958647735613726338311995
-109046814053369274905141330496576344075
-153345465274768402718530306470221871631
49451803041599485980887521850859941781
-161601325539578805423515865178698233944
-41792253697420358929370287981731375671
105158092744874597688116384330367394209
-134328159314585224749736437398563587918
-107547613402441936590328645282001899499
-85846622779082698370213742535015931777
-4438755789771368341248293177969230102
-43464930302817201403415576074156146011
89198435109830385808100267786992234239
77569117476613872119088101812525083962
115495110391000143745462353060136471004
-53592351985255068846720193344603076153
32852483036330105358450600544919560383
-46576363357002287980660037383755582339
-41567460820532501062746701821873356979
-118139056575358243945370368315047101736
-154203235474509920505779998636494439927
-119703341772805559385862675280706579088
34800397861532601500960276794598725553
141246499963453777454935384022162849198
-41068327090648924030266051679559393004
-6845549886811310591924992256061111430
105545447362652626835954164678981053582
3587828478508500024433360940471243795
-147002356796945728635212822690050524000
141283717764039602938941146814639397218
14042931404137263911357343370517323094
-65724097324326897443081496930949366481
97281874667664254711825466433117492128
-156353774243975154839110065533518373883
-169023998001026822488460635504276114457
-76781667597040163129475401307465460831
6474810637808511203801619362267480194
111859783332945027202384854500509910818
68137486811375193368874233096215880962
-76601112161799385914476967615387800672
76516604595237494356461953250125904972
-73590785308530161165610853450123437105
141991702395999853590820856254842842620
67545039351771438963440749719237255344
-27416211787726276807103131677914356175
-79678927216968922298588876887844265737
125108769991988876185456922855071802498
90946116840951904468619529119669171331
-56721716499735328386585466815884147573
-4774876387810520761485286089075289308
-39613212203177067371264693079163073553
13523897919054675121417752371735708263
132053728498648988628587229751708479514
95777396926051182548782161639125629142
-97738468818693723698077161634625531138
120262348579667472474611361346817793848
14361480573118133087507279953784327504
-42545600700627870592529621708061199872
-110210595290256286156881642610093523644
-128778980726441964919121128616231321318
-32646057475028517749504805345628400180
30698532529651000284791648100909111489
-88761394229532371598860848179699753186
-34297353516384586929626531671119863044
73860187891113407389171423075997573675
69353914953546230905555586861526058123
16058360744155992421724353132647397613
80141146691917204966657350339203604402
6396982834309171861656603961779356110
-26516450389783620528309907548154206278
32736469007278749021862848952550025092
-122219012767215390192721130356172397964
157585411312574971718202367872294333550
149460781005813866994718260651355905934
-76915727027868296214518988747814457243
-36524145338559739315194966696987032003
160798959576456722434929078905912977617
138493642609894717964167455779013507914
-8692291944399047587586790363749836854
-155194997348780199737254991381209528686
-687243784189634403818094044107395754
-23563228837993225280435855903753123053
-61236962601983183638769387538570857694
159351271899881169082470058109185882232
3119719250233614129277646851358658567
-167306951311016890661964185163475757853
108501955658706443803405807702633775824
-82945631488764144229548536424739818865
166718195404252996034067672878968406856
57910772226460096131132872894446383698
-87853072987244049732062990546912145833
16476285797288657135582842553174124973
93314159976596281201239400838418249533
-90467373115951242578085561296229719642
120180256926111130980490815558537883418
-159024552842963568649437808221694440388
-88864338014637894052013804919098874785
46426631666387263313656184368355907916
2854769206627576934313942392718321922
70304293392521025957044241778512956380
11710540482268700302933633237007298044
90259823624904000187682777530723877007
123088803583444707813491359655986854786
281909702116871585685486886024523390
-18478502130451344762887060646510780646
-113797844913326739652532726180629340288
384199227603028644996963595734729695
-7519291513327396476992092752221884220
-33598324461814224460055651240913764820
143026789720675093817938033410934867957
-162877063676298133150369896271074183123
108745753564549176914942889421885540384
21701978027114936654549777105615763562
-104584227247492709529940183316413512869
96366732278851990009650994786404274068
142362541090168939677048435595908877008
121843769126784804606848473598886567178
-104656173500255237691873141409906550414
149655077493860119258413405834453405789
111211650024007791746909711855003767665
44139832741558368582325651894919965659
-128555277967595154403925051693855456470
-165781822207060992633199479860187221324
65382719108023676101423076822119103626
-26105837732379163731767490803131041726
45720111142782141995566016199110561230
44987236431417283793373259086810936891
94776811545972626521574539766702856034
140346998571707158315548615965777613614
-63401762366560053514898511005086649665
50037998897884850868652129879261840232
-161016325846174543995601540104561780225
94047542159437013390289906300389002426
127928129166691942170113664009374450171
116954119610186561424282023406585835721
101481368894329649181901271250108602985
11441055227480583362210333466376914016
-79038899430037838792813934844078589168
-151306472739222651139454428603355019728
32070829846794417436543960041822013657
154415395966765823198206332657003079847
-109016005884896882500255503514570530557
-28652923813608743474542224678032753927
56296860924212029811027204935688096990
164015231955506057774263211858236531587
126802165627837728355686208462566911542
97508346083807553560547629696269360575
-54181074815954812329009762671091701249
-40965049405133734471237315444850083948
52315666826427797631056319569718987416
161222310550825490886206863498297157077
34384398272945985448039288511659508178
64843797557715897005040883814722523418
68535739894107606612332081066168335944
34728778980132946622770671132872051514
25296967305826556587310688531759952837
118781774999337558461921602035311908376
-45856030094470983637526974788841647968
-107574839652582867567421653821107316228
27723820436241268798471310087783333181
133503142640449026756168457272179893375
5184098240455897178250994930468046912
120012448908780117027379302362793422060
-8186809319628556475774744496402293865
81613057437117480149500125206544208618
154134818093831527288037412104777455655
-142915368979161335604722077526295574567
-87943652185738021813928133906510254245
114481445202577502816342146287568145620
163930138226487416891129141721439894748
25490977758188405706148071829685360575
-124053087486820820263995601344494235272
5891311257155914690248114926533066561
96980256679627412792230540900356107921
-92303780711224961523052070590609391838
-69831013289955427018294446489893512349
-84482483740180965427288809684504089000
20679259372229134994643302854985895493
-135076478907354753120373034770385651411
-13861045490903520286508815401691036949
58891645117418485173275028682140356929
-87638347608105327736867945597443981039
-146137589908569521702635717235825951071
-84294404024054427527839811340909137567
-125802900120113931920636756788119268986
-154953411835816687081731412263021938412
-29961387834728875249088504792189196966
-3549216339092633975371984527651790315
-164403620466417492323363624617231105878
5554076714107868383826922536465989523
-50163145399543993956685986515745026949
-60527433572883482939990211770354383686
101310244901805169275566610305727391241
-166024704836085194938168253772359455730
49123159946970038391444898879854894423
-41289960093569293948844230062233442336
-159248756690423253684310520209397907049
-69144629860092164393467831056691438042
-34973557786253693220559445364271381013
122943834525971507570920618608386332462
148568086014829780259263579281018916914
139016006584472671191231252291712818760
-155354177153899252759464487357714105988
80630917230315151759600556962226652031
123527294759383294030033534467987536463
-135053730832912913594338299592238028808
156357772922635475292386925754084200626
113256786232387365206485384201501976138
33717806307575789715311208240293070918
68659489342385493370522193048073708596
150285901577418473673647624181558575161
-61771026241258669235149766354283163379
73214543493497502258204161072075532717
143572939290383057009081232196291082026
-65408737369422265026981752988189252762
-1425971787124986540247322571756204864
15364917065849718160140062357778790423
74454897567439810611476967027153845082
36384571836296478851919265587705327407
-94498631869176790983054185031098729095
60142415009844710331966670634650369967
124672709603794182569429668026760542852
79232993335174401127074726109457862497
122139810114375408768691073234802776740
-154365519766720680107318639114225738005
-22338658244384799234802232226629255613
157206952829539209606331618286372462555
168056170213390593844652827227799694995
-19524850072948891441137162935609773653
-105934316791871320968673915676585418472
69965571980128392094949800380200249237
-63254405398819126820375196381112335218
-137398776815408677348646502375547809277
157163926253056990793585970374676899159
107955368586869565455540932583466872505
-37265957567818898324789135032442523004
-47602395373350987082123993073351415502
141632893747955248984554651153736406150
15342424959883782961564263740261753607
104655890722797351145923960598100477692
124632743765853602448489852039005995015
122179764120481537304579368660918369139
4858347170939018407362651263088055755
-110114093411609951056718386323660430952
134452238168516404051118305673766761764
26261306046503148693519376601033112897
-61131056455447244545466434992527573059
5034857119691645761186037291575726902
134316164370601398471545400775632050502
82784433867944006806442296178603558124
112222561229329802697834298702387714666
-77579427489925476224679790718070645337
-13350192971235426872765678050290715525
162796816073402042496452568594182343347
-51054560313285399759576959342441884565
-26551882230794053117785921150849423406
-47905399332534158838314979861566984537
-63133327005877185680481896713036979061
-158961037852383588773481484764447432015
-47442453054252239038122579554227669
134182581704660855186030567683189047447
-123189555037165853226326993418418568302
162763445975580310885327092693333193738
15410037677197363307624049022079517468
134709437001244487873578598880016016916
-32797068786008039634535325596871908246
10594123554108249055880938370376411850
-3183974670450203003387067658984455094
-79800585293004950016104481698026131339
-18333400435796251719128887288180978984
-60803969592074574175217587591283697098
-113780513438201448980773522602006861682
-88464798669719397556444924334910541794
18662937762702772090673562402886725468
-61522335338621181706328444090094655419
-116145475444622948616787184098578822454
61109930332283978079738058535798801162
139154690887986679981979766935984728356
-88260906233882809385669575996061503877
161863898774461613461839052155512021224
-165200697170826991313334040873067614248
91138848780592182029895581878589892994
-150872973549926769177418946305501130023
151475323732996009140780281581186782922
-170069081862054545736002368189603248
164802659297727895310750031785999424645
-75498903861222639473326632716409890142
17811524627982721107612654380910823773
73860955581688985259552213481039276926
168710363099955447626777633899233651563
-91760593703084747302892322346907826532
-88049147605531062330855529683446858546
25904309816783339304943466675314622559
79329774020029974480441932638607147489
-30351373396956744873474878351950917075
115722150835311011687848028731450960667
-165933230218969327523281751155166281903
-7369878905500288536038891586333029918
67061518396731868974133002145844529789
144242134350047400370644619819884286523
94392250644692711798248819128302345811
94451601172196018520757292150738547860
-6589708494060804531882367377819557309
43899475937777295643362178668763802826
151627022111746575293478573653659393773
162278979465733792990312883186395890626
-119277812756318019833484563749621110790
28474217704303674525206413638332311979
-125255175857761844999513952743464650488
-39494951516138027758341237557522796897
4350159619000736134468381099019926104
37382464199633392949591975363175476875
155102317417742344505497567029234819748
-13886834634832740251499795172322078284
20560102490614174703845140466785245242
-7621531157470204602220636712907708835
-2804271189594707132814561952453122298
123513770563857733138845727482098152844
-136673873468755573544258612014660079106
-131314314837326344320380060753058580308
101395252455913970420480853812343730597
90745542699995129903802203964691504935
-121869826730783792859524970876818373333
-1760506445809830408048931528163369707
-24027454557836110861288243306268594606
-43384729055453947388858132448898193701
123017708015324360902476078857366804184
66136275672487815079797837627473951917
-130121716939024382488411075852914987720
114531826561559550253574798994154619568
-11144731150302918604966067395225433390
-55335838629407278436079047963874735928
-133173608898753419931903162496984348850
-103824691572424583096987582186911066793
-136527891463975102986350171412535005287
-69306422033953019733893866169942849340
86307889016373705708687501746036875485
158351869514090509830626489239610080894
95543780837892051559088446536578026028
-162553309025924322795191814788516628460
51553234167012174100863145692217168067
-36474160598002478650842217679498448088
89221142004905902685120426759954745153
92819573522566086257140241305240367286
-116786765975187594716505961204417625363
-165168389974567888956730304280338131895
-57127061443849476531266728388099928732
-134909832662342034434933008245890615960
157094462243700458965122874513664177356
93410095431505157472119325342654931439
-121557730393271932760899351478541484053
-70669711159980234337672511770214825656
29730464655390477257173609573950146450
136403915420400504857513442659945562429
5797158993396976778766897401475712379
-143546794670980721835766334683658888466
60788222302303319359250553565512933990
53026727346238037951766460961343218312
164682021473001749588803953959764155397
-55137751726393039923131988882620288285
-88302787428897415097686956485828617558
-45969956550205010703556297882384374178
12633457708227480403177692779465962362
14292024261298422421062122385207998285
-162600212037231277922968876659243985535
-99783025665524348708974287703018447952
117984509739166884860786386521469550885
58888731051139169741790165230851559431
-30335024128163987537815573244057344310
-111022446646555682278818091313459178223
-49568600774925552972831577167557953299
3590917098240688304110100743963532073
-127390307312202127473408613573260523077
-27747857740743635631138930557725468303
110100972526308311217228000260648372450
120481590360404326000866847097731527803
125718340080551540111170406669969908322
-103869656782598182324820718033745325046
-101081325087956939485281099466407849347
15066371828213652294023821345716239105
-58123158754278123518414213582012918213
-86243687064059550985808579136178443108
-25231294969085852667883938401314304321
44904502035746318860131375769929191716
17367365464852576319934899675617853932
-130948618055843589495666605085799692296
74313021905882106220605855937634387759
-153088925260016549909140615971434815476
137193401622559194638087160639306764819
-89871769837537199533256820675621869156
116732679394419237890211754093916196930
82596406152741725402633423388175464836
160322472565901108635590797450872456973
73121850869347831789288837157686318204
72638743535999239645279683173323507601
118799072629787941298457432770827913990
-51212033257950863731577625636728017239
49214270948982982264487990973323637712
25116206436990788246111909487146305693
-50904215862405779135940805563894111857
-81638127568795434651070952838278052006
38746449340318327499995520966200058583
-116744265640648440560637407961538081651
40348172578826127291897246535979643576
147769257110754058354729326438465619828
66175823374477686249181235409769598979
45306252123322026031583876753661687478
-146608609027303152700084927199780492330
57382657937338712002349666676916953371
-91786862030950661978825693718888204810
-140903230475246887958420024582996530576
143586913963328403261128208348813505508
140747446720573056653947187580816132905
49090531626243654196677284818711605113
28325522993135561446884223295488735197
103204420989940386684324413660429575496
73481192695825731585377085651086028192
36850461641377009998395696806947382936
42135417740660628906146820879841385173
133562002456316125261486981214558509998
120917544723094524809323075815790477022
-49275276160770626300326745539774578670
51525941914673044805283684103204033568
-122893908857571651118365242770606741400
-104165620566216428819082358186994102313
15166553288106979518269505611596892985
-145838829598781055124760794666579968722
-131901284414829156933902957129066200238
127753304893780612189740544787914517026
157269438711177285535576180273527826133
-42657104230637159806501252092942803942
165536224438714970950849227674689678911
-76469719357620644575437473021103143896
-38501707479930156783120745657847988139
21001853689500271693442719010520565027
46946763688153512413167703302009404947
75534794653806754385322054502428407479
-101517446397884494294136314476999464070
21790917761095118717695051995311171
110483729908063964648261081717093974019
-51276903248151448765155156719422467793
44701395720179357203392864698436297260
85590567243730278183539783532599329115
13495581089265267944818630044571691856
12916278516369564170982782906913752907
-114903393320850652348384548113548564742
-63357165342406222252356303892741128605
159781385146563478620358910337568886497
-38896665022885385752464554433031393441
-7596250760086929156353766265363065201
132724832225591021242348889828308383850
-52114340875771509722830562371510094179
-123946846815165704501945680871614838535
108253883365482945613480890728600073833
107133304457954179408359078533564234280
-140969984090014484746595846055704576352
-148312716236634632501958999917960551474
-7963898129915640368886123415355066553
90570759256221212879057855176927895179
-35905198906533539648009688746448583867
-12932117555072828698679694626729863171
-111871037782221070642614813539708637349
25400662584092788209938000033326928328
-91686487867137939328536246765686959096
69125877646425330503576333881841646783
-84891525660067142735887449175485680656
-70110784482186536027009092114468685113
13696153648366687203324976226779968115
-143451024227903863136687027107626463138
-152474155456408374041977452066934334911
62618163873334468719125834724223444675
-132900041773309221729677087438232142935
-74766566008952269488243189717146117380
139299537820158602974310856827396405195
-21074635591742274840510846868582689671
-123817332061004909032845584947845434028
70128473999333249688629464600566022829
-18348431216073231687037882163369127831
22904567282958787281905618197376721381
-61016900868609657279940515092614951272
43055687381372216164431090624444386843
-52871670530115835253660383520302946631
-105187091772352360653015379878741241646
-28643930320602604809237293483136023097
72100249508573077357545115013940678859
-67074571145970393817128829310198004209
-27983216396573640725180957317147757278
98345044861005686140580522945834612417
31830560173813755926445693256536877001
-88615245681173303926594709047497255830
82078457028523745751797945782344449818
103951244193971036200403463550565084366
-45133742701287161643670094054777534164
-37441360430167470828646170877551995407
30012773254215146618818035496353216224
39680217612053767647888854865139785488
-112174651734327782937553125107493355076
-50343787331854922818955600311397165544
-86572615859067238687579843662336183611
123586727146350481793756310073853156068
-29694166374825341412190449749288177035
-68885151971706060923688211861519067195
-164850124638950372189457094287377777593
-157316003686558931831230787925416411368
155354584170965603196402099797554300844
-5181557415360721047281544683248405183
161009431823835119123372538060442156021
7933009625266989103862073995523088
-134243885961809177145237566487267219497
-61376548039906181728177101603075954153
106003555167604994466868473381936946726
-97538528028008022734801545932853340400
5179733166842387286139327853533821489
-152244637101217977369092261594403005681
-132983451433875657779692943759515780218
2344713754590419563280734525259011595
31300562574652799132581164384650312811
136566967880712517785387151141036092176
-7310238244833766101067587366095278765
-24536252080522001577340188565847460101
76414508627992798205908018007889334172
-65061946073896579651819726879822580058
127304252812249857871543149624169164587
-129910692816832032663626975464571189868
125535812072437979021820888289706281079
-7310875312932796714932299378063012441
166887307186299071929706338839950126827
93919171063777205089757936140509405578
168102564712519419698148944936303229369
-144128771992571324158890838911137808161
-156478942610558501901978903385320051349
-103633506051925118016945494414147819208
133191894445287710855353600681401879456
-131934014242574177447262481470370981236
10704637468621537575334892248040229389
85890302682933136269580120780937685799
-107150280127309042772565318514789939256
-46232944310609323465179056820793301982
94449108220056603196872762077286137721
-149844633639614295405679901852482186861
-53946030430637638439786753631742305124
-99740570273988188436222194004745310201
-3185487593787391357534000479858287940
-93470089961114477744773557849360707497
118738199155999413196767461868979019550
-101636348506604407257437746885450447275
-83570041755217317718467564057233314886
-29493289112626995159567447908435798895
13233209066194649678961313492759629499
126850720632986952459179675887039987874
154887594394046714650886057896101365651
102635343196707454817469498083678550214
135658482768133736433140936263814997594
-28563581951093082987138278929622354633
110839773038210900215891754193272706314
-167054725912380062926804951822302001081
144713731150681410964972726816032706226
101790932884832880736833860212423365438
-40738415232730091489415945588799769616
42728311611371409329710226707127668633
