-85352392297898162004231409702779180961
-158734646842680416756133232921340290008
-34476671414586797313207428412702685879
-88629629850515023219667068297632832564
14362817488855234756359982055095692263
85458166337968791993215510187933373508
39800122686271117087987963130629137323
-143066003216366565241603364741411612455
144410936869262226949534121920710060334
6690780361228910341569682654829457419
70359438264120570200477095558998228911
110863942433995973662261823908463440900
97637855048942664937416563123582493732
99231157612052893564846395093043129723
14688772677693682332755832077105215316
-116297338085929153342429770206760708734
-144113217728459044041336955353078468783
133945202827462784882905113758798537744
139686362626810694039346789285695982803
163529263914810699735604906194180754961
-109254230932816755717388016447574993848
108601895708900597990700430485434496570
96157681019804100572511966140473557843
-92851060408391593373028040462861353015
10036440795531705026087611251063439620
78732706720585922956753423396925375846
-25853668165801161521649946563468100466
-101698967717631579477313288400775392033
-55575649307979862782139049418761654257
671732301185746790999258168104594907
84893598939374253580413307903932158881
-55388389280718032095317211609148303543
154168953612115497053730374058583113515
163533330353912680058726666038925133501
151697176533874078107356865301006176757
6329588141699577674624857108596756913
-56007861737385655413822633316222357059
-54744705347233421935165546570411935925
-97195664519965646798527084286668124751
-134760824881411849877838335017238569083
71551215295099794969315106988292370689
135091684241527627410629822372036512953
-135462666175028132826848348225622638820
21937320864326239814595827962811276365
-93366281919202660085281854678839890278
16759093726582909785328189088936759083
124810271207016132747354915053234309746
-26586416678636519902464575869749314487
65777384966837257306308658892677325539
-7269124372983669910913752322438550502
35030154778643425275488019457665834797
-25808529619406113956693061117765840417
69460255914188050591045534747348978946
-128937430164479527542859309451648068018
-73013350048504717984640365389364216998
-59521985572844079176746161165382386533
46075447732171052939985409874577280831
14542812514718710972520610422806717499
121788366234602837457360299160749640311
-37850838126631975635769817930113808164
88992752627575892957364539110260456527
-86943989992536557171277565129634901785
131748708860967905150041676470581256721
-124858482978212899045693796484173295759
93057430466126917899553746870857434279
-120591942905186110110650653163662655980
-48652774350732198616378980344642910847
-111849050419805479660522424220259267563
5850752358901240227656491572630365382
-98497444819340761266426520695066619412
114998533514453005090131871758309771580
-8063389905881701888426257644613417400
-54616165208333637507493058958590107466
-156453312560614333771228789015770957062
-106289248444493584423318139235149694580
57659452261989387574914666634349893673
127012853137875468332320725895752969242
-123462387641820036792736625028716552322
83377891616649877538386324076609278202
-152850239877588166568079997441808024773
-100613167686285895451851240150691696568
140642844391463792668171768188700646961
-143262670200377474572033309597845700223
-12568198845199206312864131500573674970
109232152739480540331269969017099253164
-14114112409178052280166062950985952200
-8548957670497276289473692503452374616
-43286760127999187049469557544174417679
155019266541354017935129145054884061513
112296699126412986597271580880741239529
-141212318474787563551286465147241285028
-129921523935770736906904758676435712054
-11358792964940631899383016540737966567
-106484197409361225358562026565296683198
71262101604505470839668178959794725404
134541916631533629536973881882558838915
99901878083232042737799229023129617068
-141421718491416304958032478862797523014
160426155632391778157874548023205071043
57676965853203876315115173987289759089
-151351645438080431676934257514223963302
-106372815487082599103966697485318229628
103859581744885916963214604432041111787
164954048712820250319668418906983890640
168764570146041574768062867655851817081
35539836148395282012742543275133814158
150892377124269275086268473354911167881
69873377190856298617631941973215984178
19502165875109503531100228499141922756
-155611796256810319315953763644347770823
-13234780358950025192431002659786215590
-21502710385356516124136086695584367925
36375698264024848395036741973085527128
37886997656958999837339415504108826152
-52870780676472687237841187572064358915
-45645001592878352897925543533022993682
160569046530163556859423731251630619737
-149763445622222446299645687502021819213
-15445420468193362896932206933806001400
-16113415242496174197250212277718371352
-56493505133879507772400358686040374171
43994813158470745124617188428843916711
-46327650029930110080358389905578554916
135043713719493130159589715365466560724
74265290754255144261689672554994441012
-139748710519142173703210551818426265649
-118657717305713003870280914124534235680
-157091396907141005220959896626881829628
-148687898743477133548055728684407995099
-37738656895194049316511006136584835779
94645558279474672129912711738075969160
-93960217761559550636949663057451085052
-127925012242277886526748447876135861042
-156514734211645871592968305791011045837
85346678839652533965852150607777596614
-137964360502706937081400850721861641264
44225065461852006339894795127732967756
4248835018224313488196242818403663180
84964073069442872620636834669378866930
53181009754593855239041166570811422937
128249853183011697738597322353355952244
12151631036292524955421887761781600393
-137737537355019340803830873793090924136
-146268331618326134609305174829176053583
150379094279391566194617346246534848629
-162089961452494522955161412742726022285
116541458439930371658976375652987887811
8362736147790791485031374890100282192
38521644506451474286170125483452868077
19112784444522427427580866299604474845
-47665169050184011655250256551524623395
67514808415887278061496520633700953515
-107978502058908306326593732474891888622
-153000219314001845339907824840653987986
-68182231448717629510421366792502863927
-7830317116456650348576981436114729042
-64895246249461909400560491128057273935
100097889058289304454653928059007155854
1343625531780572748231354627288471092
92542486201484445180346649625823837741
-162706727491214081420115386692476955277
47912067085152149699064359567005695077
109537223353958289025296439376043595511
-30735652359361148342390656460716836979
-92095098702598772245991568179168978328
113386626889803612254734957925657321876
76995765868228179317902622572737155341
11919634421007178997898320669425676899
112686279638879258794862908371904265237
55334751403889838908664115935261058543
-63441285626747006526225650944617557575
-50450862287190746587935804316199234917
155060352412994645458360289665197529011
148492604038285194960699662917434448450
-83221946867442989331009695283908778079
-95064650947521545884126400358598297453
78574525538824830097113838590858281239
65409917162791320352035674659930103126
-88003728257011016445388378321136025489
73824573884203113327364158598408569807
42734118380376373331270026056185105779
-26516492728266861868323163281157778905
-52343604442905553518165409625245786291
160429763997872587042923818978756390350
150044336744081007899029882065306464614
47476950328006962866110297076035599276
-12189684474579584320165380394351730340
10806430517900457095482294621650504007
164796799730508011021324338204808194870
21753967220794750789503313690994297879
-126660452106934486197266466646558577918
-153461807714634688687585973698165085677
85140041352111001894068406471513275116
-105155933851557501730894018984038834513
118856939389617789326277870828663030800
-61774102689965622057156877210245498220
-135713838876794059258030662565981869743
-36513009355493416639467580517958283419
-83498393226826047098619951638492279446
119470873447660743475748857316638771121
71908213839789003500113826566531367560
112880589976344161488265514022255461308
14592545268775567506234013268674046390
86797325457602667439892679330336272434
159621450425704383785337131966279422980
33012560797602218836337914936889229296
-150591527960698277988161375203417142792
-155767784589364490376662429738028367923
-27812556526513164933209922933524304951
109691492794002963763387808198261123748
107665897868939788708432302009083753336
59279173713891276940461384339867560728
92127191246833530823104339306405767112
25057120493497867212662012420407739023
-73474390394765076966509516286683383185
23991514715526071644281622583320342374
36818894912095013508697017955985472908
-62082742485843390276787501764213639809
31689430062198046896926749268544883184
-125409848538559624864502272335173973712
-132901810226127112373873064222869653853
54239304905917166552177803947804537266
-84467893284811346860632493224719280001
-118604248210735803847450993764218711364
-73229523956675040816950140577067005627
-121512665878456104825694546764829514286
-79486025167681731749666035855669446307
136987897372144664510730586727011738678
22482771682747770822798200009552215150
-137053571423777742657578899239618202578
-23308216224611900315380325308266075815
-114717028073868559225224527025762152974
73483131474078074360720067251889806026
158942107220042822374157587702575058093
61273361576084037331919708418840711547
2193561201761764586895971695884088451
36783238378092689665623944852536552372
97439415000562296343433854307355263123
-149573784309460360941690261452828985081
4401299103099267397721362520829094093
143229237326838382747692548788468848558
25497764073182657733760273516994858818
32690803005126684196108498381363015752
152763710029612333020144981666995981490
-152347541154972979338952921314145207574
46289910890946525941897055843285171282
-38327881898938704014313179165065802388
-10452096146455471119512844114773034021
58425512646730832783352931119460974390
155515502809964827360879553542688225234
-93830830409783374088663384362650731492
33763416020603113920432954373591284616
-88086636537942762464117181115253329085
-3066801637450304039244756388748474016
87057129041880595727527749074931840803
-108273888604259789799134389315925763617
-37194373226817363039402663353907417692
137640450440153164638529705735638371258
-64349945506384773835356596945853568319
-124605575734290229753191197855510654043
64011016833042834170427723370040244943
-55310793889445968826007722145377072557
-48906929586325678304016179147987657179
145704463817027033552382382058015009572
-32627735696418720012143870361567623487
-79191487425513066255662224214988492920
-120853321689891558088690495461451279456
-72561018728752823039649901352793142258
140318899619087991932556324177398940968
140530606005337513116194109601887614925
84177409695762318420594033738038863187
110299655655268494510730039007132989441
-13438650950953640566252346107196696896
-45329903881721801755326769521223682510
-56819147180670814504432289236684753015
-113771415244717999042168385785861799647
56134908597967144876430588449864661109
8157800091381681748004412856068088706
33790862356472726725151536858236572040
23121194322190682345244745815595337129
38976714649004988215371179552149405198
110462899807059275631241609867524538455
48847075670695677803946295184743195324
143914478801731077721335373194426986149
161962240006423955374515380909747302423
-91436259498889187471695922917738147611
-77723839041138259744660699913071972759
-124682263477357471939321944159712542315
17070324312731768472997754576638915749
-45123139739804051939014894329940790861
-15132751642257445626765780929409118123
-93437872342297048921468335313793434451
142133727503045725426755409862309136087
92311223993329524590032922978932141769
162819496087561222916447589211227027159
134252515165947299170437933831538597245
73571402839382253404787412690338283751
-152758014091730572050009555656644499230
21837777439716125630377916016214450689
-15548786407857638134101859285861977297
-14794050625277243346324086509853228015
101396104567944874750163304449607960106
-82040952970711761910483161608743167018
102407580740183969128430111309062200915
140733233096342486736189819578209529922
-52068755527261564531504283354417353912
-114286126307359464410333773127248287399
148888460172147822846240253495525674949
154576936812179600048052264524630469232
-117760716380734813245836467914410279697
71964077352892612511742142973221559329
21069662730309100026327112113058721766
35968680729092392526399810952617259850
-163712451590964345431668372514974937150
-128287312924118078341215411086546804701
103738280022370427648590720247920434255
30830586554646615972646779810126196304
-166603089455896744007647076878795668058
12771699757051062990796898355669797259
104676432283905070930795967417420639836
84275064286506212798585223822719159112
24173805190714499787333185225970006258
-141615116787974230193180049169730571787
154848292192094887322156807468784939193
69413683230147124407014476584502573874
-26297966833177048198226400221239101833
-92015808384540194116842943390436509329
161717156499512094341531922690754038384
-115384787941823990602469990813405984690
98249223148980948864916118309800044891
126378945228080271650809285259810850312
27479491322531332928272149403521961868
167390716279849311052063431629794716437
-93800629321732148908996968823032388284
146862990588990946698474062376047710786
122644086225885936674783787907636751424
70248899603685974319175318045963596632
-5994078374045763697013610721422583259
-122355980806483283480798714144053891085
-4158078289412444006840772225067429629
-148213207961899726111864010604136544824
82105857121493906036087438345412728147
-11363745561311971482298082157522931270
135719442248274044278412253836697878055
-47050143574902574655761027564550621420
48689258479660545664346034691254267158
162698574154856957539947315686053309628
47167807623091227567640205895750631425
118947640082138971451670999919142891353
-165857687625563529940034461383397056864
-42271250260491791261813252543079990999
103335897904452696773903002301881048781
-57322843164997850484414212640172629986
126605125406488503521607948864701209538
-1519604965053197826790442860440985620
93603628231487338500879380198917973491
-77883472170762771936165879277722159837
-129965395659348561246978400797848711271
-61428758693578895266396706638841195605
159006256509094281825500640686510958825
-55898527984554294488950135121333955009
28444478367389325001186721237314172374
39617167020044247015173711236443104034
-96277746927072256825794687153984077937
-103037456503027811563125881438892479766
-47120538677262357591907031766379370198
167979449047507883696830625306657076601
45652346412852894105536717584094941612
113535036724682405184998000369581973033
130282376923271171956543382872612940395
-118992774656607167466641369048221772600
-119552080800549363190632016178273630938
-48107672343015254218715462864223509915
1911325787319233561166281366978762659
-155581259483578630746450617104739905425
165573110245081764287350556049166930435
26680740443218082714201231187692990127
-43295287740245043157396065443773583343
81322811312518386796382277960671940512
83366942567125673138870654877304859236
-151559786504158005259399282502135899712
157326351557440008964826261971009427847
-26765515875031595208549452749850056125
-89482096204748586663114892934478406157
85930972993553484740295444845020530217
125553353261376906684491869302146884876
-53210463031961007716207696185462915687
-16826331496035876483057778818074471545
86012377883682351113003504547776734100
29047186072063954225462835126725602086
-4938741117522834522466505869422851889
1113079728037678320063991861766241622
-69735928961595874211451856609142578722
29330148433161206699266073510516299552
119002132337754977436641060277117759875
147305512230548738416054888455073520384
24498535649167909703377398000876203002
112275766803882005214542769319924954781
76924802876468409732395891067206880555
-18126307849921331783503852258888759953
103824445964959564222469977668285523866
167462673717037644295054177733791644589
-91983008352238832509767385311622535574
71597073446940259302133346436790082836
-80947423434288197379018784593152848695
-21825563456776098634425529511384161082
-155994592705999801693818588314241848042
159265727909069001019622488104036229517
-6991778535302796809041107832220879199
40572350329557529588782181119863807868
-88713306192883785310700810619568879412
-108834823626864369020180223280224138773
56387775307123237875381337038972089205
165781963963481202089178115180961724406
27955405511128353669719086011363471241
-122047923848672908459733710266171835542
-77486658280958369076171259902047852906
-58570575529485852060701380502960040434
-97810693625351126386759822182160873417
109239945720608919935816138312347063276
-85705582728026761676879322130354555094
-8342526396020939038802476713566043066
81908364248855354853610306535835215933
160039590434030856992794163100858045986
-122757940244588266321813526528741665378
-20672767445746361517239441307355234966
105740492991661450890605582491223341183
-2965474088765227609043220768390293857
116674550328632179049211930194746677566
-38553219416976190794049288292029818731
-117029682224279998316279381046553663434
-16388450077498138512304120008117962707
49317270409098033583475342380454113899
103591797889905715086570068605612558174
53382420303032889916850785223235905854
105997389401945378759411587843292230043
48709455085239441436173470646792013809
84768929762243941371590494799757537649
-62956170339598483430447159001264875363
-82223950560533167224601829945310827000
-10151982263012771185692115655182469857
-29922493073876220295293767818152589070
-81080867909497448880412806711491940172
-34116584280823796103696361509637610846
-159536112062194754535692813701560989201
-155722265361446290332611415039336690028
-10473590616233310983487248146898242428
45742082375670711698630714599385804805
-22257837617500048288464620755606493805
82869246295932110843871451742461726421
106794764766964964318593190195845970979
80141789085441947057369735288968547996
-11375950237350753416959047727981008941
-6150724676583176047506005153407559345
-135815197711297241668637189201429896205
40685812537707416243820977095956593744
-19449577945825621832986953273497058087
110239234856515589070365807141030586054
20730793969563040385601619415322029238
-120349180649780596876220810879759000963
110768964305121262862295654247942895404
24499421143570392129257250082708890192
3467579932057421292664451536978882094
-104691203695690049476843853064208730003
-90853618391786822745245052549733020444
-82372759388467350705674093156614069159
18446666275694002402687277017625839543
-85572688299612599430292270409308662513
-100155127929139752667445528900707239393
10431037301059694912555911292297409278
121413843589147517480302751072578112748
56101736415040192965795493768814299533
-23758653651928312963578546920896830575
-114361600319184959089325741281496903314
64970880466785710810520935812650997711
50087748210027505332447917061379089301
111269696078078234147992393796297872237
59523192259970775625215321627819856772
110419240180306538294092807744262675105
-109640945974270088233864231340893983137
-127637656234742879496719419766419093112
134914557133358869551678132707847904604
122848328958907974220169074082876780366
-37778561354193779467841693359653954318
-74220989343683208551677720052694590535
-77387815340599064824272106877420321357
147188056931746500687100316875102531034
147573679203628519190622498980389233487
26333882352610853725173747052202601431
51091647587382533287499795397398245281
58418498550128011153475060402684252732
37777725689205847277682907744356023185
-75565504410629354913889855784961439500
96701734461951642619346567259525542612
-457544978353804443196068216552923376
52477626320163475694848907238771728221
-94332181615115813378901560389223584995
17480442232985271067957490759226267649
20210182182129991416251816746351764273
18851375378076498543847443064432902409
-65805810334844257383426808980704736566
-129373678104458383958539779889290123563
1179972976305656783483604656370005670
24237988346513288358415898946013485012
-116317261501427533326377838297546272733
-111634541066911302858085061531031976389
-135031241501081642879355035078641406814
-142001839974854988757864884556786782752
148237113909082456438206997544467051715
15220387775506358943270239558268636038
-131001566417839861944698998451196007894
42605982330157419290951029959845347942
-139921084909957943279622411503932085642
19904012240965847085414167210630797699
107647432691062972675636743775642398394
50347700628677640316523693068376439870
75237392490018651747624210588248105449
-135447246967496298776075409422657481560
-116860128661573234603577713662797981376
-6677807684088287679314856228426585421
106563362849687429530410702730929874593
-139058664968194867009746251226760919865
-48209052638275145852131811647261191068
40423565791125374801273794805962437299
-145497760372740045440050730217895888873
-112091874502244831024658688855723629965
99700187752953462300129733025383668339
116446440659754150264165174536551104508
-96200609282806873341642563785952261388
106912380222127689112634920214654684704
-37192469066433788749202000402605342506
-132178586771606937440326640021105645878
70531141996138402138300169821750749225
113817348858311733690340209639744896779
-34132928299500284257169768534052099798
-150974513626970999260875950793111483057
111036869980594270068603565912776403364
-82351297596982113490250317041981750626
82345836604633323389002800465496312309
-98173910039361253802502653168982269176
1375437943518934508537457196634598329
-41553794744033329840155005183519743930
-136967931411055387254261667475072810603
90942470614743536789677661059846180338
126082162253822342991473261488879029814
-1717841941732336483496952916748588907
53489982213902990696909175392906578768
87896810709543661808402789848784545740
155983158880163246792575740582617306020
-78407226459649220049325261397890422591
71922348294876491352318082543702171308
84182562144782777909995857942494416999
-57076386011459074594772595209829303131
-16476154029406060889741531917932935933
131268373141686375500056472592162623904
57487414331445222906670629384963533759
-29051671697667134408050464026562879211
-116014242931041229594444891316738713329
-152353284685172984231352591502709372046
110333747369760580247096135460030142055
-147524020569673270719914606957306740551
-12720809704334839882112687011209098906
-126620068428360783971506086686517442883
-152268379596691658445896111024928359939
-94571877272378371556861486600962845323
146788669865801510381588193106394493357
67158989566586436448838936981931837737
158525712537471679028933960321224699187
167483691887346033847583985061064415167
-87627973499021856451362924720068194898
39175105847407344018398179467483852795
-13442223099537469039739736821302533093
165404092207095084120180196543239598007
79326145387294086675255051761616203907
117556370031653893857279291395583837480
-12640563970252198703728371926250948198
-140671911048586128118290686819847200249
-36086472049293857305738259530307799885
-2546692137497765867208704234568275641
145934704896095958606638805423503343405
-37302939368906052612811403616955748261
-136893023382317436422905927795685039151
-78274065013152622099351527015797066128
-159126876186128228170721337911994679053
-3712515630367728159545667034657017298
91886094365658954135509868446311604581
75309178870408975634505656028238155045
18065311860524606985158118899158927546
-64919603531845283554209244731625099701
136580952437203938896951745808834555913
36270845122533873140050512566928655037
-10431992139378904700235460686240191112
-106027980587681670810912312935999301080
75091796172299716190075193474125985954
-154021112937904534865325473826054409744
-41848603555364778704909634569051585003
139788180297393863672515637746584347993
-15682532611113300434793811059807986928
-77633182801740872190206487354317635082
-19206983009861891189999302683199828569
69196544672372327104745510809648513361
9198248374469274601020841353365071914
148176754949854889546308351911040147646
121462591482326988719673489077992969019
-104470918079408212894016698928066145931
94927634894089154683513943772258264961
158301328503632936538991061676870800837
-132138550224157224881612414757343079713
-15287895078620641738446864743196662399
-125983409228096501983295969867083754187
151454699073673995791285182594492603010
-105874031629175776106024801515116249365
-13182218783162819088743693274906370637
-167604825724521365426057482798002104768
-64240255415199081795316525883425488310
-31163512366578319972509192686035766698
-129221051597082442820598511224977273219
-150818843525164629619708702342017038008
133371678212081957395710575063913551512
-47874872880933517181423867281154950704
-75575068767131061425902979495661687791
41965529215591057913465611652725944310
-47157120413877895758072710116911260763
-83873298575534828732502850479459425645
163904090773567236116518917439119825074
8836359773217544895995511115345416094
-111755423821674994927000679104983144293
-51661557723408683870956675154195312784
-57765973276172545551593384765830360960
43937736384289796951531426571138298683
-45677067753157886223767408745084080243
-125935540792404699660275264609909781089
-148693638465274994432751827949337703540
-95841569034319673197572071185612429662
119530887582345849680618651575970340577
131999162160849838909421778217510328743
-167302071817195166925668596612200370480
-68417063283383175950123339541462972260
22335503191601150801528225236954509189
-128131292551921381456504934683915457966
146250274718924147464434549906041937435
59157712152876938453698569901689323450
159717607631391512422749165169097855680
5886189922275735115894557647506688831
-67261219574012222014903913371775360608
100496415865019527958623878013879414626
-30949155891201333897992508353365656617
-15556381809496156076655496784670345511
-126017193606523142527469566319689546595
147774127228482723463212234420918311672
-107956278197570630698090161481144519187
90371299836871550883808017406515793740
-45061285012783666160678685629930073412
-22210579487491441187749849494650903473
43379728104151020859498849814617182708
52687000846555041423327587521065447026
163095282245092264255723697429298272033
120289115526923305161618387259578647776
158352713076634459278781499732581884041
151569919916045753338663119077929052183
95003628852445637081045389745884326719
-71848784450317624309698538645558950221
-81911615969948769982708366171584241425
118801651535926968475699956274925131734
77554698227066456435372939029944998522
-135706058037037801333860888206968018221
-128691091162145442685971854866145550576
-2229049476983893700877371452552592136
-89948757005790423495633767255990985419
-83881833611766906864231374384032452815
-156722691251345739454967543740960365817
-3302083509183077629409979049114064321
-53931040525284539998128298070875256913
-75105644899203778807046081221608520561
-129199888206430731498756331013144751549
19868918637386085744177536602134125137
-37058601539117418750062690844306026892
-165822728431985274632621853770720811965
-22615184392584196492350709710399742850
-54257266310248105053395291514977801433
-374018282890169920051443093891553769
-96064524534267871782887227922286877404
-2853219072120536904037048163184740284
148586658196814799459244352352405376711
-53686080551187730065898042056466373581
-80553451789126570842374512212323518251
143924107596352637229904629199123897840
-7829759481745719180608844751979245517
-137182897079772681727407073962140719690
141818202701861587988117919282614048917
86390018607541880432991498607415887020
-96621541579552926461007997435919730373
-58971919312439950363676781862886750801
101420703769717184494003890420571894524
118519892721221583916996635440961940480
84540141403138173029966483711416296786
83925746881735723231036552965432227248
-127861180938708561204414478741708593823
140284836069529487829136704587500478602
76846861506948733211217539639722428097
30019613415783996690860995720245993004
-50456290624420633716056387305479392569
-131727392152161146903934449905877872944
-87429336275521083489646074571564930472
-129656418900437840048512899368403502782
128412982548613638438085056952156922248
164599305587716792578134404904980006635
67001433075241697599751587946415856981
-74820028827665384664394374818617742310
-18890372022438116181606334751003042474
15332624950328435454410499413757880776
-85197689279826451848882537199134986764
-164919862118389038439842892619965906253
78483636285940536139299587059359968294
29554389930864616719241252708621152359
-66101939714609880051436680374729331383
-168134796610280109384868919937253580222
113956097063866007068262885723686994721
26833615090696610532426026433099836021
165560719118611221498014158701195383627
59831556852537544968924334294121382965
2667340401414761278989240645892166237
-126118122974397849516025067835903376316
5625689495782052022464689911958229797
-5886936815291890899556038258947794623
-31495316906932079212558479607511567421
76000526604134999922759561985924874718
-91020538692112942629776360921820451627
-51255444065754265369376634783670700819
45315709204835120187814731704166637739
-166033773063477449948493523282212567822
-46077991848231364122050683042163736329
153878304059489405360302679170355670377
-152870703107866499391059000598867151059
8074556113798754429880415405090068336
86539932049357501969184244618947699508
105551841099519586900147959226161129314
55701214939666741938797668960516404211
130512935317508143541420913214464148351
-58861648966630457110406798652390534063
-22049453767409819924737674420003183725
-123901738916390181707411611593083900206
-19184317263349145657716428703072197874
103009693500229703251975445062817448816
128207033565360787095187354473691181711
-31747884467730526824045855969619714524
-9150705209703075545983200573055110083
105059189098012820782573690661563065853
143481476682451596551087329518540393417
-113299269248084876745789123500440652989
-49359810105875465899733843120177647656
-78974420089491566300672370228600330769
-158134437481498743661371145666446837452
32611584251742595524057523260316555926
-166701667693295015139018363106546274182
-52196746911945177037357651867393823272
86086533269858390980589885978523864884
-25031185788137357065168433055465300265
-83476534122057893332559279453050440287
-82187390833998794703377868257167966726
-113477453735379931151039927392789307573
-165783978808811056318695944897785662692
-82039655369556757599595589680934430540
134201647495287430105196344311336794853
64950728829845156893022423070494466622
102443035109741805835001043422282608848
46324873744298678180879989933696806037
151338970608548149701546779888641457310
152183808413171619718838659977731891834
18916696446069606161134795373043795731
-22815876371616222779648322261473112923
-22775217219366235665147998837790852062
1945501686348682221250106600362057946
-48913251758848227864213153626258512040
-3766050838001425923863592226158324433
-131844668059420919528358372113708780256
32224420546003415810484277414945031792
70996587946747453379339193675360905321
167090826901180355557719512707248394903
-150266403203521723218003570121375187318
102410969397392958691361962900434075852
-52166240919152504924234961617964638852
-158863443494825719237584745308601637543
23973220713997969084235992965069581896
111281529960836914413482467016018715435
62582042817841650116648011744323884115
-119910575586272237446268420533303984210
164753100621698461268342604876955234002
20156812220358447828647779486418376147
-16144640520891680749139761569075521224
107155705974265555928636128418134212969
-101636031695099271568776557598815510386
7212987196356515890196858514568286667
-167536487718370200039707461321938474429
-132526638322393264102858402824501490349
101632515380445991040463025790719999961
-55612574137535214505686873823323731462
83008253581324533881605866706701602942
86881392113341565923791517859226651203
164796926322398935761160319590527718211
-136181379603231567098338366839381787724
139927798382816951210899889731251301984
-123525196565214947547582796506909665103
32012601300058842221708856233328021160
131398848163793556526750028741165406913
6681744765180172211641315994349821542
52068752403513834139822045054728135882
65113156057523043585728451779225449545
150098322294348199362705186967656298868
-151109601695596620721624508844210606000
160207467048585669530611083582820319860
-57901168284852304666695034206760883442
152369023250884309603563328706332125732
-164290940826345496245865236425192530119
68169441906460905919861704087165979421
75394902551361660661821442778326452197
138359046096863639173329955735063052301
33996118170987691258001385345654992693
-148191865132197754212163085253135930688
-106252018666380298786741090596055012101
-61968508212560801018331957361495843624
42494633727091909998327213584525940222
49523853559192409627208344545425625397
-86040708556915941705468818633341702856
88349639136269814408090637807359475120
-76343957583386540823478342209038583617
-84433529556072010883676938568747721403
-35305932615402270764792850741246311268
-140790389638805160045957787809193937307
66371524390869969735092357388729652444
-17865903552917924344119179870786123379
111925793876479889631115233290229189053
115567073414867124199784864500183313900
119325616308732504205491550431849289535
62942559155529572377916905026809159303
149928728009466078044675394844147680680
81904684785703278506657487355396500465
69812972408514847064152179294637893869
-8047779975492402245249405316181628220
139487950200783792582481843867700623359
96133310281308250704988997469448720304
-113658383710692437741481717933668231388
-33312917879126904889123783905307489532
-49112518615793349962918235750761752176
32872400424233653381579596318849836215
122429264264410694292605621641453175609
101263116363441409526642378711764324330
61555169884909846857755597988779787903
-114862240239747793993355069187144774994
100584578708389490911045254916495184293
163929494088134993430504441277162234020
-65292125727280554953544405220526687212
32340340988111506028400182176441144109
67719212497487928067368537097368509324
-75436115591834538912624542576386745891
-22460267394773992307039471147354180670
109689813848201969178415331377133473563
87072540757770024543262353076946071718
18681074080568305377296910565856483571
-26246378002162455073841549974116269344
69596169948717689819286991878386227635
41359676158355669134441565802385576247
-57928860275752951839495762680268849104
112705276995626617589135348652817543969
-95337741975593375452869913293661481824
25042582636319429565858950881899375992
-62176834382450612168806414833021594815
-145574446631393681537767146011410725434
-33159580286729482597511963459523346889
-56033744565573254814767645675005188694
-57364733183025938215166232386010337662
73195583675252449025051990983689512637
168413515151805488321172353111678224562
140320285864822973812570545884143238591
-46233537460296952394408528092922902932
16799043718307107536194850133030995908
27783141320284408773078039602093088724
-95135530215624937915426352222466953785
134851851278784997711284069956647126586
-59458198964410624433336234888607535242
99437221026654248698029443788651756031
98537582059238512285037103334212617844
96373187735062245764428805476443406572
-72160481702025629274749978985717060115
-48558063838535634029640505093919510547
-145401418748104067894003743057112870130
-106587557466270495665190415438426365256
-23823579277559303667926409400450500457
121895129611172228355138846189564277777
52822301275181499906488645850389555836
-28741490572173430235264594584661709604
-119562820321165622476747044575806640380
-143976041947143518821134221929074000667
93240623778164939052746345545670061217
113457987673010623013570992235061445461
-98892934681384437500623378119279338901
-9093227637498678340244434108541702155
2610604292240657831224360845601236602
-162275340877860524461311058269986361248
160034415571601581694708663664364871055
11087581396199245040644965750647494486
88795251926630535554162602269515228272
135793455608756266853759622720784148251
48694321982529417837292163670895664197
31311017149540175814730956804659608147
115207169744645562151211120208494741040
157012038671011512600464534079843675377
-22597178857408389575994800956146550327
-58300155832326385379125080520697439173
161970808973079446413933689776105376111
-112418874350068783310498214200918151580
114204776349332873799527890372307191395
59574584038356402422810919245494623654
56430403766046059995976056431053026637
-103568590581587075260210173302886300909
-156260387192537875240363283100469566561
84296818894376750929116769455350516633
40441255392062879609313768327819164367
1140279630318899195394235896280197926
-144657853784097187673053582845607449536
-118091790536369170686985908700148096521
-445191318856313995090626820245716222
-105612827526209128176752072739172808905
-29129813236938333646974315249044623857
126946405146227473466320223828571455449
75128666249509106183300148446466480246
90945965771103305130247933505908525080
134413542292071187013687482577463082873
-138010240009035548371381078334721465449
65765230952687780849105697037659125117
160467638361251403445155407234524713325
-136311127315279734027445666859672948505
88851085745921188257194954793216140636
4042116340724327580963664827054443804
-112867554216851168236461799718736528499
95531796773337884633036691436621301157
64309436484342749353996382865678432091
115775037099741023281894470333654422539
-168817417548499083729426083756197386122
-157490790268247661955380143191002552698
69980307974112802891080291115659241823
73430535748861170660900005701925658747
132047579462230093970108204173837857250
154056206835498741004573819350304958952
3061418520923127751043486489303083506
-3208267372720082011680638504058842433
-37730297769124821965593569568668005405
-83163291419799135785656387105370951022
-88997079823447624945801771944171431270
-54152806321154525204359285418597597119
-91611903101299936651247139255719451039
-25829321783040399848986079673423845702
127254184056609298553617468914567806427
44118220017754365711365012993373002475
-3878532469945449433219911766610005932
-7722989653124604467623063941167976231
-141768837185110082367832513139865392358
-74920491208562202033107096713812998741
-130577463037709438501723873047406409213
19477662431570306603892591117290982494
-107453842944412171629082632176288322882
23833461799057548175873755540130772125
93898346550580533061464240908331295321
-87308361175880160946413777218851774580
108353279896673575703975633528699121837
-32259425846037824585569684422819624305
-1880841776295784608156601675797764371
114416820777100618294923123363090397304
-144673754454312767344418624085568119421
-5329565177070566055382189781873745317
-168611051422636046856899659784665463240
-24097295201613085606416323617115212848
-87288166896297737121496208990197852981
66351894057810712968773562137657469009
-166386385710101069052719486826766895120
-70669621985750327715502708132729045432
11773350020584694880556265498387229847
126140802225026320449116034233702005514
129593579245902698432206313914954155657
-57883579032667934841066419100408197210
92203537495871361068560694557609716365
-46286132642120106974957301685822182387
-122483825848743444700973832256624966370
19464501118050903265400613559927183699
90826921304692075872672043413395619805
-23777681334759293991874739773344208115
-113669479108772065149076769838979603955
-47726638869433835374689608276412263752
167743855984818703942996775668514702627
-2034157872452285613809370692614466222
109613876962348844162787564056760550382
104461332970969715457256904711819840175
-88330203445283277962300725129820487810
-74412605204672100535147339227159382405
114049482525827118565471179828104104183
29694670447305528005757102592932490800
170024103067968464581561462342477915393
81077341022522132781033782258877729864
122867192742406178690098285694517079253
-55720405111000435133351335369250862090
